-2.087708804780875838e+00
7.592947011952188019e-01
-2.044737689243029677e-01
7.999360796812749363e+00
-3.640946215139440056e-03
-7.190340876494022426e-02
-4.247017011952191612e-01
-7.700449880478081599e-02
-1.217346653386454647e-01
-1.215754063745020153e+00
-3.814938286852591620e+00
1.958037529880478633e+00
1.613407211155378107e+00
-4.664459203187251018e-02
7.362388844621514314e-03
3.433559442231073899e-01
5.061844223107565544e-01
2.842855498007966997e+00
-1.378816505976094772e-02
5.047708525896418275e-01
6.400564183266931051e-02
3.393570677290835835e-02
-1.371646334661354549e+00
2.068485936254979762e+01
5.064599362549798700e-01
3.166490278884461773e-01
2.239833426294822072e+00
4.285083824701198252e-02
2.745785458167329662e-01
5.005610876494024364e-01
-2.767229243027889418e-01
-1.251326804780877443e-04
6.798749482071712258e+00
2.155176653386455532e-01
4.791966241434264008e-03
-1.317406494023904903e-02
-1.385910159362550464e+00
1.054787896414342702e-01
3.231746494023906013e-01
-3.856766932270917492e-01
