-2.086644289693592391e+00
7.604473259052924039e-01
-2.038880640668521982e-01
8.002979972144840914e+00
-3.614589916434539450e-03
-7.174092061281336918e-02
-1.221224011142062332e-01
-1.214623955431755498e+00
-3.814213370473539033e+00
1.959344791086352178e+00
1.615748607242339041e+00
-4.671655013927577399e-02
5.060359999999998193e-01
2.844208384401109679e+00
-1.390034738161560583e-02
5.079549192200562002e-01
3.174855877437327001e-01
2.190249721448466858e+00
-1.234357158774374887e-04
6.799516350974933232e+00
2.154787688022284653e-01
4.137585956824515500e-03
-1.310619415041782213e-02
-1.384205821727020336e+00
1.050363403899720743e-01
