5436.93
5395.34
5329.67
5438.2
5242.87
5299.67
5414.29
5083.95
5545.14
5175.07
5187.73
5357.06
5455.11
5558.18
5398.35
5478.06
5084.21
5343.54
5427.51
5326.05
5383.7
5275.85
5197.05
5298.46
5396.89
5110.36
5204.18
5284.14
5366.02
5525.39
5484.17
5231.57
5236.94
5421.57
5012.71
5007.5
5324
5344.59
5033.9
5329.85
5303.28
5083.83
5218.46
5426.06
5470.46
5219.49
5198.45
5387.26
5230.84
4878.86
5289.59
5502.78
5163.88
5343.46
5525.41
5191.39
5390.3
5578.6
5313.73
5705.5
5309.27
5078.8
5428.92
5483.05
5171.02
5485.69
5331.95
5476.12
5168.26
5313.17
5585.01
5805.96
5311.32
5366.12
5333.58
5338.82
5423.89
5274.71
5426.14
5052.83
5313.15
5301.22
5493.59
5464.22
5162.04
5398.43
5283.19
5385.45
5286.59
5207.46
5397.14
5479.52
5469.3
5274.46
5376.25
5392.36
5116.97
5259.14
5304.68
5538.56
5361.75
5144.43
5095.43
5379.68
5388.79
5351.04
5371.46
5108.68
5299
5226.77
5270.53
5258.94
5265.78
5206.54
5293.53
5154.5
5620.35
5075.56
5362.49
5420.14
5126.35
5253.25
5326.86
5284.37
5201.11
5411.04
5383.64
5584.91
5213.61
5060.32
5230.6
5451.43
5130.37
5170.16
5213.02
5539.16
5275.4
5191.95
5494.71
5029.43
5422.67
5460.49
5360.95
5372.93
5118.88
5462.09
5332.22
5260.69
5397.9
5533.1
5366.83
5388.01
5303.47
5504.33
5361.4
5289.32
5372.39
5348.91
5340.87
5394.06
5285.14
5224.23
5391.12
5417.18
5815.78
5348.31
5441.41
5676.35
5333.4
5337.68
5307.43
5176.29
5222.32
5708.45
5201.88
5423.39
5396
5170.4
5120.48
5501.08
4995.71
5192.3
5318.41
5277.11
5432.26
5336.39
5205.98
5546.1
5227.98
5552.99
5517.68
5367.36
5356.52
5411.69
5430.88
5326.33
5166.92
5324.75
5254.85
5250.05
5454.13
5346.79
5186.53
5634.52
5158.78
5078.43
5132.77
5463.08
5449.72
5334.73
5138.91
5467.92
5481.15
5017.25
5098.74
5253.91
5374.75
5047.96
5568.33
5188.7
5369.02
5337.07
5587.86
5233.23
4910.25
5327.24
5040.78
5417.66
5278.47
5346.54
5358.35
5404.32
5443.35
5584.11
5441.51
5343.62
5129.41
5402.15
5175.58
5499.24
5121.33
5281.76
5350.82
5437.3
5049.66
5463.38
5488.84
5415.02
5391.85
5647.21
5351.87
