-2.08679	0.762089	-0.204626	8.00066	-0.00358963	-0.0727768	-0.425648	-0.0771599	-0.125221	-1.21988	-3.81379	1.95473	1.61211	-0.0468388	0.00500488	0.329794	0.509548	2.83931	-0.0129871	0.502768	0.0664139	0.0309811	-1.37764	20.6838	0.504934	0.351946	2.22718	0.0435009	0.275845	0.494631	-0.268101	-0.000131607	6.80229	0.212994	0.00780296	-0.0124569	-1.38156	0.104509	0.321983	-0.382854	
-2.0898	0.770103	-0.200193	7.99415	-0.00371742	-0.0739555	-0.418602	-0.0766468	-0.121212	-1.21518	-3.83187	1.95575	1.70311	-0.049778	-0.00246429	0.342138	0.487951	2.84303	-0.00723839	0.494152	0.0587044	0.0484638	-1.37	20.6818	0.501652	0.311356	2.23228	0.0485306	0.271864	0.506592	-0.26733	-0.000112534	6.79509	0.211273	-0.0218945	-0.0138569	-1.38778	0.0828762	0.322254	-0.38682	
-2.0881	0.760061	-0.20118	7.99913	-0.00363541	-0.0721188	-0.425047	-0.0770702	-0.121222	-1.21713	-3.81494	1.95806	1.61247	-0.0479164	0.00731468	0.344967	0.506397	2.84209	-0.0147934	0.50296	0.0647221	0.0306683	-1.36822	20.6847	0.507549	0.316326	2.2359	0.0478802	0.271023	0.517895	-0.275297	-0.000125885	6.77847	0.216845	0.00675964	-0.0128746	-1.38708	0.1063	0.324604	-0.385925	
-2.09038	0.759312	-0.204487	7.99684	-0.00361061	-0.0721092	-0.425932	-0.0770321	-0.121735	-1.21942	-3.81722	1.95578	1.61019	-0.0474777	0.00798607	0.343245	0.50411	2.83981	-0.0142651	0.500673	0.0634918	0.0310993	-1.38051	20.6824	0.515266	0.334564	2.23362	0.0457306	0.298738	0.495609	-0.275574	-0.000127792	6.79694	0.217281	0.00771523	-0.012928	-1.38767	0.106916	0.324099	-0.38821	
-2.09012	0.759577	-0.20434	7.9971	-0.00361633	-0.0720596	-0.423378	-0.0770168	-0.121555	-1.19915	-3.81696	1.95604	1.61045	-0.0473633	0.00809097	0.34351	0.514376	2.84007	-0.0143852	0.510939	0.063673	0.0312958	-1.38024	20.6827	0.505529	0.314831	2.24388	0.0459957	0.269003	0.495874	-0.275309	-0.000127792	6.7972	0.217279	0.00767517	-0.0129013	-1.38741	0.106892	0.324364	-0.387945	
-2.05313	0.76207	-0.20463	7.98609	-0.00353241	-0.0721359	-0.424377	-0.0768337	-0.119909	-1.21191	-3.81723	1.96056	1.60722	-0.0450783	0.00891876	0.356636	0.504969	2.83476	-0.0185432	0.50457	0.0646	0.0345707	-1.38097	20.6806	0.507799	0.323729	2.22918	0.0388393	0.277975	0.492653	-0.276825	-0.000114441	6.79392	0.216646	0.00163841	-0.0134945	-1.3748	0.10755	0.324303	-0.393499	
-2.08204	0.759584	-0.204336	8.00638	-0.00362587	-0.0702152	-0.423214	-0.0772343	-0.123922	-1.21554	-3.80945	1.96377	1.61154	-0.0413761	0.00362206	0.337284	0.494846	2.84377	-0.0153027	0.506237	0.0612526	0.0333061	-1.36557	20.6915	0.515543	0.319962	2.2295	0.0500469	0.276426	0.498009	-0.28389	-0.000144958	6.80154	0.2166	0.000406265	-0.0133667	-1.38579	0.106306	0.295368	-0.383831	
-2.08911	0.759121	-0.203445	7.99776	-0.00367737	-0.071703	-0.423767	-0.0770588	-0.12001	-1.21609	-3.81516	1.95903	1.61457	-0.0453606	0.00840187	0.344229	0.504044	2.84266	-0.0160942	0.503017	0.0619354	0.0337238	-1.36769	20.6862	0.508375	0.313936	2.23654	0.0488968	0.269709	0.498632	-0.28923	-0.000137329	6.79835	0.214111	0.00979233	-0.0136261	-1.3852	0.106371	0.333633	-0.386831	
-2.07961	0.759308	-0.204092	7.99761	-0.00360298	-0.072052	-0.425543	-0.0770721	-0.121464	-1.21864	-3.81645	1.95655	1.61096	-0.047369	0.00784683	0.364017	0.504885	2.85058	-0.0119553	0.501448	0.0636024	0.0318737	-1.37974	20.6832	0.506041	0.315342	2.23439	0.0456352	0.269514	0.496386	-0.274799	-0.000127792	6.79771	0.216316	0.00694466	-0.0132256	-1.3869	0.107021	0.324873	-0.387436	
-2.08626	0.757807	-0.205635	8.00122	-0.00356293	-0.0711193	-0.426331	-0.0770741	-0.121023	-1.21619	-3.81941	1.95584	1.60873	-0.045311	0.00742912	0.340456	0.50304	2.83688	-0.0165596	0.503687	0.0612106	0.0346584	-1.3823	20.6787	0.508686	0.344757	2.22369	0.0446739	0.274324	0.498825	-0.276278	-9.15527e-05	6.83724	0.218903	0.00341034	-0.012989	-1.38207	0.0967274	0.323532	-0.385019	
-2.08999	0.759706	-0.204546	8.01723	-0.00360298	-0.0720463	-0.425802	-0.0770454	-0.121805	-1.21902	-3.81683	1.95617	1.61058	-0.0474911	0.00788116	0.343639	0.504503	2.8402	-0.0140991	0.501066	0.0635643	0.0313492	-1.35011	20.6828	0.505657	0.314959	2.23401	0.0461235	0.269131	0.496004	-0.275181	-0.000127792	6.79733	0.217144	0.00753975	-0.0129604	-1.38728	0.107	0.324492	-0.387817	
-2.08516	0.760437	-0.205915	8.00858	-0.0036335	-0.0712967	-0.42535	-0.0770874	-0.120466	-1.21243	-3.81338	1.95461	1.61437	-0.0450993	0.00756454	0.339718	0.509024	2.83582	-0.0147934	0.503214	0.0688953	0.0324669	-1.37511	20.6955	0.509501	0.315447	2.239	0.0373726	0.273161	0.500748	-0.271494	-8.58307e-05	6.80125	0.210358	-0.00968742	-0.0126972	-1.37108	0.106627	0.320623	-0.400042	
-2.08518	0.762852	-0.20421	7.99749	-0.00352097	-0.072052	-0.422689	-0.077076	-0.122967	-1.22517	-3.81475	1.95683	1.61452	-0.0494289	0.00761604	0.33884	0.509832	2.84712	-0.0126591	0.505993	0.0692844	0.0321007	-1.37774	20.6833	0.509007	0.317753	2.23804	0.0443325	0.270712	0.521023	-0.289738	-0.000133514	6.79604	0.222813	-0.00502396	-0.0134563	-1.38702	0.1008	0.33025	-0.382776	
-2.09185	0.764658	-0.201145	7.99562	-0.00402069	-0.0728912	-0.419445	-0.077076	-0.122053	-1.21247	-3.81774	1.96474	1.60782	-0.0482044	0.00357437	0.349619	0.481422	2.83991	-0.0149956	0.503935	0.0600758	0.0353909	-1.35974	20.6857	0.511295	0.313236	2.23557	0.0487061	0.283663	0.494526	-0.270639	-0.000125885	6.78196	0.215687	0.00777817	-0.0129471	-1.39153	0.107988	0.325672	-0.371445	
-2.07854	0.761848	-0.205313	7.99833	-0.0036087	-0.0723553	-0.426876	-0.0768948	-0.122955	-1.21713	-3.81519	1.95702	1.61235	-0.0473442	0.00914955	0.344046	0.505157	2.84213	-0.0157394	0.502651	0.0622959	0.0337467	-1.36909	20.6846	0.507187	0.315901	2.24598	0.0463009	0.270395	0.497999	-0.273151	-0.0001297	6.7985	0.216429	0.00668526	-0.0127945	-1.38675	0.107254	0.304508	-0.376135	
-2.07924	0.756897	-0.210554	8.00281	-0.00314331	-0.0716801	-0.431969	-0.0765285	-0.121868	-1.21197	-3.81495	1.97186	1.61941	-0.0456104	0.0053463	0.350494	0.50425	2.83178	-0.0124969	0.509972	0.0612259	0.0355968	-1.37366	20.6875	0.50559	0.295624	2.24053	0.0307159	0.269922	0.503473	-0.275206	-0.000143051	6.81857	0.216955	-0.00882339	-0.0131283	-1.38085	0.107637	0.322031	-0.387777	
-2.08855	0.762545	-0.20376	7.99971	-0.00363159	-0.0720387	-0.424177	-0.0769005	-0.122585	-1.2179	-3.81681	1.95587	1.61109	-0.0479794	0.00742531	0.340139	0.505854	2.83925	-0.017786	0.490898	0.0657845	0.0343666	-1.37784	20.6844	0.507576	0.314505	2.25432	0.0449371	0.270073	0.497709	-0.277891	-0.000120163	6.80772	0.217445	0.00603867	-0.0134964	-1.38271	0.109373	0.330452	-0.382395	
-2.09038	0.759312	-0.204487	7.99684	-0.00361061	-0.0721092	-0.425932	-0.0770321	-0.121735	-1.20942	-3.81722	1.95578	1.61019	-0.0474777	0.00798607	0.343245	0.50411	2.83981	-0.0142651	0.500673	0.0634918	0.0310993	-1.38051	20.6824	0.505264	0.314566	2.28362	0.0457306	0.268738	0.495609	-0.275574	-0.000127792	6.79694	0.217281	0.00771523	-0.012928	-1.38767	0.106916	0.324099	-0.38821	
-2.08514	0.755884	-0.203743	8.00354	-0.00379753	-0.0702763	-0.423344	-0.0772362	-0.122721	-1.21528	-3.81095	1.96057	1.61625	-0.0381832	0.00658417	0.331877	0.493807	2.84602	-0.0146656	0.505375	0.0626469	0.0377445	-1.37253	20.6891	0.511753	0.315363	2.24038	0.0451508	0.271383	0.502436	-0.289341	-0.000133514	6.79999	0.212936	0.00376511	-0.0133133	-1.38696	0.098175	0.326342	-0.38328	
-2.08979	0.759901	-0.2033	7.99743	-0.00361824	-0.0721092	-0.425791	-0.0770226	-0.121742	-1.21883	-3.81663	1.95636	1.61077	-0.0473938	0.00798035	0.343834	0.504698	2.8404	-0.0140667	0.501261	0.0631752	0.0359077	-1.36992	20.683	0.505854	0.325155	2.23421	0.0460358	0.289328	0.496199	-0.275866	-0.0001297	6.79753	0.216719	0.00817108	-0.0129433	-1.38708	0.107401	0.324686	-0.387623	
-2.08743	0.76021	-0.204481	7.9998	-0.00358772	-0.071785	-0.425529	-0.0770683	-0.121891	-1.21646	-3.81426	1.95873	1.61314	-0.0478287	0.00717735	0.34363	0.505262	2.84276	-0.0137787	0.51363	0.0637913	0.0342999	-1.35755	20.6854	0.508221	0.315966	2.23657	0.0455894	0.271694	0.498566	-0.275715	-0.000131607	6.79989	0.218344	-0.00256157	-0.0131607	-1.3871	0.106348	0.306303	-0.385252	
-2.08895	0.759907	-0.204481	7.99849	-0.00359917	-0.0721779	-0.425648	-0.0770283	-0.122368	-1.22016	-3.81728	1.95477	1.62105	-0.0477524	0.00814438	0.342339	0.514996	2.84025	-0.00933266	0.501015	0.0639896	0.032095	-1.37021	20.6825	0.504894	0.314329	2.2444	0.0463333	0.269398	0.496367	-0.273924	-0.000125885	6.79611	0.221745	0.00749016	-0.0129166	-1.38691	0.106985	0.325413	-0.387629	
-2.09243	0.763483	-0.201277	7.99791	-0.0036068	-0.0718346	-0.420549	-0.0770531	-0.119236	-1.22155	-3.8187	1.96183	1.62016	-0.0453186	0.00932121	0.345579	0.511551	2.84255	-0.00989342	0.503325	0.0620384	0.0316658	-1.37157	20.6819	0.504763	0.306128	2.23831	0.0470581	0.26581	0.505833	-0.291676	-0.000146866	6.81364	0.216463	0.00502777	-0.0133743	-1.38854	0.109314	0.322214	-0.38608	
-2.09058	0.761444	-0.204674	7.99652	-0.0036335	-0.0722847	-0.421265	-0.0769711	-0.121584	-1.21757	-3.81558	1.95762	1.61028	-0.0470333	0.00780296	0.345087	0.504005	2.8398	-0.013504	0.512447	0.0633068	0.036253	-1.36838	20.6829	0.507076	0.314341	2.23458	0.0452442	0.280491	0.495495	-0.276295	-0.000127792	6.79722	0.218035	0.00718689	-0.0126438	-1.38691	0.105936	0.324291	-0.38608	
-2.08976	0.760216	-0.201788	7.99056	-0.00356102	-0.0713825	-0.422468	-0.0771351	-0.119862	-1.2183	-3.81597	1.96245	1.61477	-0.0478878	0.0061512	0.349705	0.505131	2.84538	-0.0133247	0.502487	0.0613041	0.0319443	-1.36142	20.6854	0.508829	0.318869	2.23911	0.0413418	0.282923	0.497765	-0.287601	-0.000118256	6.79854	0.217926	0.00729942	-0.0137634	-1.40293	0.107857	0.326372	-0.385401	
-2.08843	0.758205	-0.205059	7.9985	-0.00367928	-0.0726967	-0.426731	-0.0767174	-0.125267	-1.22063	-3.8139	1.95728	1.60786	-0.0464859	0.00692558	0.326187	0.50952	2.84264	-0.0115376	0.503683	0.0677242	0.0312786	-1.37423	20.6849	0.505005	0.317144	2.2703	0.0377579	0.271683	0.49917	-0.271816	-0.00012207	6.80799	0.219648	0.00799942	-0.0125275	-1.39493	0.106552	0.325605	-0.388142	
-2.08895	0.762213	-0.204344	8.00797	-0.00361633	-0.0718727	-0.425558	-0.0770512	-0.124298	-1.21625	-3.81405	1.95894	1.61335	-0.04739	0.00714493	0.346409	0.517277	2.84297	-0.0146809	0.503839	0.0639954	0.0372028	-1.37734	20.6856	0.50843	0.296984	2.23678	0.0465755	0.271904	0.498774	-0.285849	-0.000133514	6.8001	0.216	0.00789452	-0.0131702	-1.38672	0.108263	0.327265	-0.385042	
-2.08736	0.757664	-0.205393	8.00008	-0.00357056	-0.0718517	-0.425119	-0.0770588	-0.120079	-1.21286	-3.8127	1.9588	1.61297	-0.0485077	0.00650215	0.35042	0.507685	2.84332	-0.0121956	0.505381	0.0671883	0.0399704	-1.36517	20.6865	0.489494	0.319675	2.23732	0.0498734	0.27397	0.498156	-0.277409	-0.000135422	6.79922	0.206163	0.00354195	-0.0134602	-1.37567	0.10421	0.303057	-0.383801	
-2.08963	0.75989	-0.204023	7.99918	-0.00360107	-0.071806	-0.425104	-0.0771179	-0.120506	-1.21839	-3.81556	1.95751	1.63366	-0.0475273	0.00684738	0.345404	0.505909	2.84127	-0.0160007	0.502722	0.0646038	0.0307102	-1.38125	20.6848	0.505035	0.317301	2.24586	0.0471096	0.271902	0.497738	-0.276361	-0.000127792	6.79938	0.200441	0.00396538	-0.0128403	-1.38883	0.106768	0.327518	-0.375256	
-2.08887	0.760826	-0.203829	7.99686	-0.00363541	-0.0716839	-0.42528	-0.0769825	-0.120255	-1.21728	-3.81542	1.95934	1.61126	-0.0462723	0.00749588	0.346807	0.50506	2.84111	-0.0135384	0.502651	0.0642166	0.0340614	-1.37694	20.6841	0.507143	0.327854	2.23426	0.0354347	0.272009	0.495796	-0.275351	-0.0001297	6.79813	0.216564	0.00906181	-0.0137215	-1.3864	0.107185	0.33622	-0.386795	
-2.07085	0.77124	-0.206076	8.01253	-0.00333595	-0.0743656	-0.422707	-0.0763206	-0.121647	-1.21125	-3.81384	1.95949	1.61203	-0.051281	0.00580597	0.345818	0.513676	2.84693	-0.0121994	0.503519	0.0620251	0.0332241	-1.37337	20.6813	0.509188	0.336435	2.23561	0.0150051	0.275259	0.495224	-0.285988	-0.000118256	6.79135	0.196754	0.00133896	-0.0143089	-1.38021	0.108286	0.314987	-0.379959	
-2.08934	0.758841	-0.204508	7.99788	-0.00359535	-0.0719566	-0.4256	-0.0770569	-0.121944	-1.21837	-3.81618	1.95682	1.61123	-0.0474777	0.00780106	0.34429	0.505156	2.84085	-0.0144348	0.551723	0.0640583	0.0307541	-1.37946	20.6834	0.506311	0.315613	2.23466	0.0455151	0.269781	0.496655	-0.274529	-0.000127792	6.78748	0.216932	0.00779152	-0.0129356	-1.38808	0.107	0.323818	-0.387165	
-2.10033	0.767357	-0.206676	8.00744	-0.00348663	-0.0731201	-0.418242	-0.0764561	-0.122263	-1.19932	-3.68645	1.97534	1.61579	-0.047266	0.00169563	0.354736	0.500866	2.83365	-0.0118484	0.487688	0.0680313	0.049902	-1.35566	20.6835	0.487455	0.196558	2.23029	0.0464153	0.258188	0.495144	-0.271273	-5.34058e-05	6.79802	0.220617	-0.0154839	-0.013525	-1.36843	0.0661755	0.330532	-0.38508	
-2.08988	0.74	-0.206009	8.00042	-0.00362778	-0.0716228	-0.425241	-0.0769157	-0.121069	-1.21269	-3.81229	1.96085	1.61628	-0.0446873	0.00727463	0.346415	0.509735	2.84333	-0.0156956	0.507362	0.0662727	0.0385685	-1.3753	20.6877	0.508923	0.318104	2.23718	0.0430965	0.27529	0.498589	-0.277599	-0.000123978	6.79446	0.203209	0.0125141	-0.0136528	-1.39388	0.103287	0.338238	-0.389261	
-2.08977	0.758226	-0.203455	8.00939	-0.00367546	-0.0718765	-0.425056	-0.0770226	-0.120705	-1.21786	-3.81864	1.95773	1.60855	-0.0478249	0.00778198	0.349998	0.506477	2.83842	-0.0142117	0.501841	0.0673199	0.0351162	-1.36653	20.6796	0.505381	0.313982	2.24518	0.041769	0.269712	0.494404	-0.278795	-0.000131607	6.7956	0.213238	0.00816154	-0.0134983	-1.38286	0.105959	0.329704	-0.378225	
-2.08876	0.75688	-0.203724	8.00896	-0.003582	-0.0713787	-0.42531	-0.0770931	-0.121708	-1.22111	-3.81581	1.95793	1.60965	-0.0474777	0.00740051	0.344934	0.505381	2.83945	-0.0138645	0.501783	0.0643101	0.0302067	-1.37008	20.6833	0.503809	0.327131	2.23299	0.0462456	0.280891	0.492348	-0.277508	-0.000127792	6.81577	0.215261	0.00651741	-0.0130882	-1.38815	0.106859	0.322714	-0.389111	
-2.07988	0.762486	-0.20805	8.00115	-0.00368881	-0.0721283	-0.426647	-0.0768471	-0.123793	-1.21663	-3.81415	1.9589	1.6137	-0.0461159	0.00736809	0.334972	0.507343	2.84154	-0.0134888	0.503105	0.0643177	0.0342789	-1.37644	20.6858	0.508118	0.316784	2.23601	0.02738	0.270758	0.498211	-0.273821	-0.000104904	6.80981	0.214748	0.00832367	-0.0130005	-1.38471	0.108469	0.327774	-0.382017	
-2.08676	0.760338	-0.200647	8.00153	-0.00363541	-0.0722961	-0.423656	-0.0769711	-0.123009	-1.19595	-3.82044	1.9531	1.61531	-0.0467987	0.0105801	0.334595	0.515209	2.84377	-0.00847054	0.50552	0.0656052	0.0288029	-1.37083	20.6854	0.507158	0.288673	2.24874	0.0348625	0.271551	0.513288	-0.279261	-0.000116348	6.79906	0.207228	0.00346565	-0.0130215	-1.39215	0.107363	0.322407	-0.384005	
-2.08912	0.760397	-0.204546	7.99806	-0.00362968	-0.0722008	-0.425982	-0.0769958	-0.12122	-1.2179	-3.8157	1.9573	1.61171	-0.047102	0.00768471	0.364765	0.50563	2.84133	-0.0143738	0.502193	0.0638275	0.0415668	-1.37899	20.6839	0.506786	0.316088	2.23514	0.0459538	0.27026	0.497131	-0.27533	-0.000125885	6.79846	0.218224	0.00753593	-0.0132904	-1.38934	0.106544	0.324326	-0.387781	
-2.0905	0.762711	-0.20466	7.99413	-0.00366211	-0.0726357	-0.426527	-0.0768299	-0.121838	-1.21636	-3.81741	1.95659	1.61191	-0.051178	0.00784874	0.341675	0.507334	2.83937	-0.0143776	0.503317	0.0655994	0.0310249	-1.37749	20.6828	0.50593	0.313358	2.24552	0.0459347	0.270084	0.527565	-0.277452	-0.000127792	6.7948	0.216644	0.00570297	-0.013195	-1.38658	0.106802	0.32225	-0.376974	
-2.08953	0.758932	-0.206604	7.99457	-0.00352478	-0.0718346	-0.425924	-0.0769405	-0.123377	-1.22043	-3.81659	1.99933	1.6103	-0.0476398	0.00942993	0.342466	0.50836	2.84227	-0.0147552	0.50403	0.064106	0.0360394	-1.36463	20.684	0.510086	0.314125	2.23659	0.0507526	0.273252	0.497648	-0.27878	-9.72748e-05	6.80066	0.228266	0.00398827	-0.0133362	-1.38045	0.0744495	0.312231	-0.389822	
-2.03741	0.756182	-0.204744	7.99461	-0.00342941	-0.0718288	-0.421082	-0.076828	-0.119659	-1.2132	-3.82247	1.94631	1.60715	-0.0476723	0.0129528	0.347603	0.521091	2.83099	-0.0116081	0.511076	0.0675564	0.0304756	-1.34882	20.6823	0.510773	0.282139	2.24109	0.0397167	0.258755	0.49884	-0.279057	-0.000137329	6.78433	0.253826	-0.00376511	-0.0134602	-1.37951	0.0983467	0.315458	-0.403515	
-2.08923	0.760197	-0.204065	7.998	-0.00362206	-0.0719452	-0.425377	-0.0773144	-0.121019	-1.21826	-3.81606	1.95693	1.61134	-0.0470276	0.00556374	0.3444	0.505266	2.86097	-0.014431	0.501829	0.0638885	0.0319252	-1.37935	20.6836	0.506422	0.315723	2.23477	0.0468864	0.279896	0.496765	-0.274416	-0.0001297	6.7981	0.217567	0.00782204	-0.0130615	-1.38652	0.107384	0.325254	-0.387053	
-2.08986	0.759834	-0.204382	7.99736	-0.0036087	-0.0721874	-0.425829	-0.0770378	-0.12175	-1.2189	-3.8167	1.9563	1.61071	-0.0475483	0.0079174	0.363768	0.504631	2.84033	-0.0117531	0.501194	0.0634537	0.0358562	-1.37999	20.6829	0.505787	0.315088	2.23414	0.0460072	0.26926	0.496132	-0.275253	-0.000127792	6.79746	0.217155	0.00770569	-0.0129128	-1.38715	0.107229	0.324621	-0.367687	
-2.08664	0.758787	-0.204128	8.00059	-0.00360107	-0.071558	-0.424797	-0.0769978	-0.120756	-1.21567	-3.81347	1.95952	1.61393	-0.0436096	0.00789833	0.346598	0.507854	2.84355	-0.014761	0.504417	0.0635872	0.0322933	-1.36677	20.6861	0.509007	0.318308	2.23736	0.045002	0.28248	0.499352	-0.273838	-0.000127792	6.75918	0.21579	0.00700378	-0.0127182	-1.38776	0.108313	0.323681	-0.384464	
-2.0891	0.760593	-0.20454	7.99812	-0.00363541	-0.072279	-0.42598	-0.0769882	-0.121275	-1.21813	-3.81594	1.95706	1.61147	-0.0470753	0.00790215	0.344526	0.505394	2.84109	-0.0138721	0.501957	0.0639057	0.0318241	-1.36922	20.6837	0.506548	0.315849	2.2649	0.0470142	0.270021	0.496891	-0.275194	-0.000127792	6.79822	0.216757	0.00695229	-0.0129662	-1.38741	0.106514	0.314882	-0.386927	
-2.08831	0.761507	-0.203196	7.99978	-0.00354576	-0.0721626	-0.42411	-0.0770588	-0.121939	-1.21716	-3.81354	1.95808	1.6124	-0.0475483	0.00798035	0.34663	0.50617	2.84319	-0.0159836	0.503229	0.063158	0.0340328	-1.37876	20.6857	0.50758	0.315739	2.25711	0.0478191	0.270178	0.499052	-0.295805	-0.000137329	6.79949	0.204731	0.00669289	-0.0131416	-1.38812	0.108633	0.326187	-0.375149	
-2.08927	0.759003	-0.204338	7.99793	-0.00359154	-0.0719585	-0.425827	-0.0770874	-0.12196	-1.21965	-3.81714	1.95668	1.6107	-0.048111	0.00772667	0.34387	0.504179	2.84091	-0.0139999	0.512344	0.0629025	0.0323982	-1.37934	20.683	0.505968	0.31395	2.23527	0.0449371	0.290571	0.496349	-0.276911	-0.000125885	6.79735	0.215929	0.00839043	-0.0130062	-1.38618	0.107496	0.329418	-0.377075	
-2.09038	0.769312	-0.204487	7.99684	-0.00361061	-0.0721092	-0.425932	-0.0770321	-0.121735	-1.21942	-3.81722	1.96577	1.61019	-0.0474777	0.00798607	0.343245	0.50411	2.83981	-0.0142651	0.500673	0.0634918	0.0310993	-1.38051	20.6824	0.505264	0.314566	2.27362	0.0457306	0.268738	0.495609	-0.275574	-0.000127792	6.79694	0.217281	0.00771523	-0.012928	-1.38767	0.106916	0.324099	-0.38821	
-2.0909	0.759928	-0.204163	7.99792	-0.0036602	-0.0716991	-0.424278	-0.0769272	-0.120079	-1.21656	-3.81379	1.95971	1.61293	-0.0458393	0.00587463	0.347202	0.516809	2.84253	-0.0131721	0.504662	0.0589542	0.031805	-1.3674	20.6848	0.507248	0.313763	2.2382	0.0436325	0.268414	0.499376	-0.27643	-0.000164032	6.79667	0.216103	0.0100899	-0.0130329	-1.39242	0.104425	0.323824	-0.384062	
-2.08645	0.763893	-0.203379	7.99743	-0.00357628	-0.0725536	-0.425108	-0.0770187	-0.122658	-1.21709	-3.81483	1.95744	1.61112	-0.0485363	0.00640106	0.324026	0.507534	2.8399	-0.0138283	0.504097	0.0648174	0.0341148	-1.37671	20.6854	0.5084	0.314064	2.26737	0.0484943	0.269205	0.499308	-0.276827	-0.000133514	6.80009	0.212046	0.00787354	-0.013382	-1.38555	0.108084	0.324709	-0.386932	
-2.08943	0.757841	-0.204561	7.99786	-0.00364685	-0.0714016	-0.425743	-0.0771008	-0.120855	-1.21519	-3.8142	1.95896	1.61423	-0.0464039	0.0081749	0.344664	0.507944	2.84195	-0.0116825	0.504641	0.0633278	0.030777	-1.37723	20.6865	0.508631	0.317797	2.23639	0.04916	0.273518	0.498022	-0.276089	-0.000118256	6.79901	0.20895	0.00283241	-0.0133533	-1.38625	0.102686	0.335255	-0.386618	
-2.0888	0.760565	-0.204424	7.98793	-0.00362396	-0.0713024	-0.423359	-0.0770531	-0.121199	-1.21783	-3.81563	1.95736	1.61177	-0.0470371	0.00745773	0.344831	0.505695	2.84139	-0.0140934	0.502258	0.0636578	0.0310402	-1.36892	20.684	0.506849	0.326153	2.2352	0.047226	0.270325	0.497196	-0.275057	-0.000127792	6.79852	0.216774	0.00707245	-0.0130367	-1.38743	0.107735	0.325684	-0.376623	
-2.09904	0.741924	-0.197506	8.00961	-0.00585747	-0.0679779	-0.418734	-0.0783844	-0.128475	-1.21795	-3.81009	1.94975	1.62381	-0.0442066	0.00850296	0.333635	0.514961	2.83747	-0.00735474	0.520611	0.0620842	0.0386448	-1.36921	20.6935	0.499859	0.302717	2.25133	0.0317879	0.271669	0.511196	-0.278732	-0.000125885	6.79891	0.202806	-0.00105095	-0.013216	-1.38799	0.110968	0.31115	-0.376326	
-2.09018	0.755102	-0.203358	8.00022	-0.00355339	-0.0715866	-0.424568	-0.0770283	-0.117922	-1.21888	-3.81699	1.9516	1.61515	-0.0466099	0.00799942	0.3435	0.516041	2.84206	-0.0125294	0.505764	0.0609894	0.0372276	-1.36111	20.6831	0.502934	0.316013	2.23642	0.0427094	0.29402	0.496969	-0.280632	-0.000123978	6.79192	0.216499	0.00679207	-0.0131512	-1.38885	0.107269	0.323385	-0.39399	
-2.08734	0.763481	-0.204269	7.99823	-0.00365829	-0.0728531	-0.424038	-0.0768623	-0.122137	-1.20524	-3.81381	1.95904	1.61364	-0.0470047	0.00625801	0.34621	0.504503	2.84257	-0.0168571	0.504738	0.06357	0.0346832	-1.38514	20.6861	0.508146	0.293774	2.2579	0.041893	0.271854	0.499382	-0.274897	-0.000125885	6.79768	0.213854	0.00486946	-0.0126991	-1.38496	0.10677	0.325785	-0.383917	
-2.09066	0.767427	-0.204866	7.99943	-0.00365448	-0.072361	-0.424622	-0.0769615	-0.121956	-1.21716	-3.81564	1.95655	1.61323	-0.047287	0.00777817	0.341833	0.503675	2.8406	-0.0129757	0.502459	0.0626049	0.0316353	-1.36776	20.6847	0.507051	0.316862	2.23856	0.0447712	0.271801	0.498959	-0.275707	-0.000131607	6.79958	0.215981	0.00844955	-0.013092	-1.38678	0.108263	0.32456	-0.386156	
-2.08636	0.758551	-0.204342	8.00084	-0.00361061	-0.0715351	-0.425262	-0.0771713	-0.121567	-1.21509	-3.81289	1.96849	1.61451	-0.0474529	0.00730133	0.335032	0.508436	2.84414	-0.0129528	0.505001	0.0633278	0.0320988	-1.36618	20.6867	0.508051	0.318892	2.23794	0.0417175	0.273064	0.499937	-0.276394	-0.000120163	6.80127	0.216654	0.0068531	-0.0132484	-1.38335	0.104996	0.296274	-0.384155	
-2.08702	0.762331	-0.204779	8.00021	-0.00359917	-0.0718155	-0.424852	-0.076889	-0.122547	-1.21605	-3.81385	1.95811	1.61355	-0.0464134	0.00779533	0.343472	0.507223	2.84317	-0.017128	0.504042	0.0682583	0.0379562	-1.37714	20.6858	0.508631	0.317932	2.23699	0.044466	0.272104	0.498976	-0.278809	-0.000131607	6.8003	0.208096	0.00890923	-0.0129128	-1.39481	0.108267	0.326363	-0.38484	
-2.09038	0.759312	-0.204487	7.99684	-0.00361061	-0.0721092	-0.425932	-0.0770321	-0.121735	-1.21942	-3.81722	1.95578	1.61019	-0.0474777	0.00798607	0.353245	0.50411	2.83981	-0.0142651	0.500673	0.0634918	0.0310993	-1.38051	20.6824	0.505264	0.344568	2.23362	0.0457306	0.288738	0.495609	-0.275574	-0.000127792	6.79694	0.217281	0.00771523	-0.012928	-1.38767	0.106916	0.324099	-0.38821	
-2.08358	0.761854	-0.205446	8.01351	-0.00346756	-0.0715179	-0.427572	-0.077095	-0.124067	-1.21727	-3.81352	1.95781	1.616	-0.0451984	0.00849152	0.337246	0.507093	2.84228	-0.0182552	0.505764	0.0637074	0.036726	-1.37663	20.6858	0.510973	0.318455	2.23146	0.0448112	0.276518	0.504271	-0.284227	-9.53674e-05	6.80111	0.220703	-0.011692	-0.0137253	-1.38202	0.103767	0.321203	-0.384912	
-2.0956	0.772049	-0.204485	7.99684	-0.00355339	-0.0722847	-0.424393	-0.076973	-0.123461	-1.21552	-3.81061	1.94946	1.58476	-0.0504036	0.00733948	0.343918	0.520264	2.84579	-0.01437	0.50692	0.0653419	0.0342922	-1.37444	20.6897	0.500008	0.321449	2.23723	0.0455723	0.27512	0.502607	-0.276903	-0.000118256	6.80153	0.212921	0.0091362	-0.0134106	-1.3927	0.107101	0.330744	-0.386003	
-2.09188	0.757097	-0.202778	7.99761	-0.00369835	-0.0718422	-0.421732	-0.0771027	-0.121256	-1.2161	-3.81855	1.9587	1.61316	-0.0444832	0.00652313	0.335899	0.506577	2.83477	-0.00922775	0.508734	0.0646706	0.0330887	-1.37502	20.6792	0.509331	0.341667	2.23284	0.0439301	0.275631	0.495947	-0.272383	-0.000125885	6.79514	0.215809	0.00782204	-0.0130138	-1.39104	0.107061	0.330389	-0.388634	
-2.09094	0.749729	-0.205551	8.01164	-0.00390244	-0.0684662	-0.425262	-0.0772896	-0.123154	-1.21242	-3.79465	1.95037	1.61909	-0.0376453	0.00442123	0.32963	0.503975	2.84266	-0.020977	0.50808	0.0614204	0.0394993	-1.37888	20.6757	0.466869	0.328318	2.27809	0.0364647	0.278076	0.509796	-0.290304	-9.91821e-05	6.80689	0.222893	0.00691032	-0.0140076	-1.39257	0.104233	0.303732	-0.38228	
-2.07962	0.760073	-0.204842	7.9976	-0.00362015	-0.0721703	-0.426313	-0.0769978	-0.122143	-1.21866	-3.81646	1.95654	1.61094	-0.0472374	0.00782776	0.344006	0.504869	2.84057	-0.0116081	0.501432	0.063715	0.0312233	-1.37975	20.6832	0.506023	0.315325	2.26438	0.0464897	0.269497	0.49637	-0.27544	-0.000127792	6.7977	0.217478	0.00775337	-0.0129776	-1.38745	0.107	0.324858	-0.387453	
-2.08975	0.759684	-0.204273	7.99747	-0.0036335	-0.0720139	-0.423164	-0.076992	-0.121527	-1.20879	-3.81659	1.95641	1.61082	-0.0472775	0.00785065	0.343876	0.50474	2.84044	-0.0142746	0.501303	0.0636406	0.0314445	-1.34988	20.683	0.505896	0.315197	2.23425	0.0460567	0.269369	0.496241	-0.274944	-0.0001297	6.79757	0.21764	0.00827599	-0.0135345	-1.38704	0.107548	0.32473	-0.387581	
-2.0889	0.765818	-0.204285	7.99554	-0.00359344	-0.0722065	-0.425236	-0.0769138	-0.121891	-1.21998	-3.81577	1.95624	1.6102	-0.0480099	0.00683594	0.343626	0.508381	2.84097	-0.0150509	0.522923	0.0640049	0.0317593	-1.37783	20.6853	0.50473	0.317966	2.23545	0.0431652	0.282665	0.49774	-0.27636	-0.000125885	6.79583	0.216228	0.00824928	-0.0132198	-1.38619	0.107628	0.32242	-0.385998	
-2.08935	0.760344	-0.204512	7.99787	-0.0036068	-0.0721817	-0.425722	-0.0770226	-0.121946	-1.21839	-3.81619	1.95681	1.61122	-0.0476189	0.00816536	0.342892	0.50514	2.84084	-0.0142803	0.501703	0.0633965	0.0321293	-1.37948	20.6834	0.506294	0.335594	2.23465	0.0467606	0.299768	0.496641	-0.276041	-0.000127792	6.78747	0.216593	0.0076561	-0.0129814	-1.38778	0.106726	0.323992	-0.387178	
-2.0881	0.771597	-0.203974	7.99905	-0.00359344	-0.0722618	-0.422688	-0.0769691	-0.122467	-1.21713	-3.81494	1.95806	1.61247	-0.0475807	0.0086689	0.344269	0.516396	2.84209	-0.014576	0.502958	0.0644703	0.0324326	-1.37822	20.6847	0.507549	0.316851	2.2359	0.0420914	0.271023	0.497894	-0.285206	-0.000127792	6.79896	0.216532	0.00651169	-0.0130539	-1.38549	0.106211	0.326084	-0.385927	
-2.08673	0.758829	-0.206228	8.00208	-0.0035305	-0.0718288	-0.426676	-0.0770912	-0.12274	-1.21712	-3.81571	1.9565	1.61354	-0.0458584	0.0100937	0.342562	0.503769	2.84387	-0.0136509	0.502249	0.0613976	0.0302563	-1.36596	20.6844	0.506252	0.314983	2.23837	0.0386314	0.269501	0.501348	-0.271767	-0.000104904	6.79779	0.216423	0.00355721	-0.0127468	-1.37672	0.109312	0.325449	-0.387064	
-2.08749	0.762211	-0.204828	7.99974	-0.003582	-0.0724602	-0.425821	-0.0768948	-0.122536	-1.21652	-3.81433	1.95867	1.61308	-0.0478382	0.00868797	0.325394	0.507008	2.84271	-0.0149021	0.503571	0.0690975	0.0334759	-1.35761	20.6853	0.508162	0.317463	2.23652	0.0400105	0.271637	0.498508	-0.27289	-0.000125885	6.79984	0.209393	0.0074501	-0.0127239	-1.38478	0.105566	0.326996	-0.385317	
-2.08937	0.760319	-0.204073	7.99785	-0.003582	-0.0717812	-0.425543	-0.0770359	-0.12163	-1.20841	-3.81621	1.96679	1.61119	-0.0468349	0.00784492	0.344252	0.505117	2.84081	-0.0146675	0.50168	0.0641651	0.0318928	-1.3695	20.6834	0.506273	0.315575	2.23463	0.0362377	0.269747	0.496616	-0.274567	-0.0001297	6.79795	0.21829	0.00872231	-0.0134773	-1.38667	0.107925	0.335106	-0.387203	
-2.08722	0.760416	-0.204762	8.0012	-0.003685	-0.0719299	-0.424921	-0.0769844	-0.121613	-1.21609	-3.81413	1.96014	1.61341	-0.0456944	0.00776863	0.323755	0.506071	2.84173	-0.0135975	0.503559	0.0652905	0.0296288	-1.37798	20.6854	0.507339	0.315737	2.22748	0.0449638	0.271549	0.519976	-0.273237	-0.000131607	6.8013	0.206678	0.00556755	-0.0125847	-1.37619	0.106903	0.328465	-0.383844	
-2.08902	0.760672	-0.204487	7.9982	-0.00362015	-0.0720081	-0.423347	-0.0768375	-0.121021	-1.21806	-3.81586	1.95713	1.61154	-0.046896	0.00822449	0.344604	0.505468	2.84117	-0.0122166	0.502031	0.0642357	0.0313797	-1.37915	20.6838	0.506624	0.315926	2.23498	0.0568142	0.270098	0.496969	-0.264215	-0.000127792	6.7983	0.217474	0.00711632	-0.0127869	-1.38631	0.106758	0.324665	-0.386852	
-2.09135	0.763781	-0.20372	7.99821	-0.00362015	-0.0726223	-0.42408	-0.0768967	-0.123213	-1.20314	-3.84209	1.95531	1.61585	-0.0479412	0.00665665	0.338531	0.508972	2.84202	-0.0152836	0.504206	0.064045	0.0360527	-1.37065	20.6875	0.511124	0.299942	2.23632	0.0502777	0.269438	0.500734	-0.278496	-0.000118256	6.81137	0.214573	0.000204086	-0.0129642	-1.37159	0.106932	0.328865	-0.386227	
-2.08934	0.760351	-0.204103	7.99788	-0.0036068	-0.0720272	-0.425539	-0.0770359	-0.121973	-1.21838	-3.81618	1.95681	1.61123	-0.0476322	0.00800705	0.354282	0.50515	2.84085	-0.00954819	0.501713	0.0605602	0.0319138	-1.37947	20.6834	0.506304	0.315605	2.23466	0.0460224	0.269777	0.516651	-0.274534	-0.0001297	6.79798	0.217905	0.00818062	-0.0129375	-1.38663	0.107548	0.325138	-0.387171	
-2.08816	0.760792	-0.205006	7.99906	-0.00362396	-0.0720806	-0.426437	-0.0770035	-0.122259	-1.2172	-3.815	1.958	1.61241	-0.0466156	0.00798988	0.334108	0.506058	2.84203	-0.0138321	0.502893	0.0642738	0.0323544	-1.35829	20.6846	0.507483	0.316469	2.23584	0.047123	0.270956	0.50783	-0.273426	-0.0001297	6.7983	0.207678	0.00648499	-0.0130081	-1.38618	0.105661	0.326319	-0.38599	
-2.0839	0.765791	-0.205101	8.00332	-0.00362015	-0.072298	-0.425455	-0.0768719	-0.123913	-1.21294	-3.81074	1.96226	1.61667	-0.0485497	0.00638771	0.339224	0.510592	2.84629	-0.0139637	0.507154	0.066864	0.0303459	-1.37403	20.6889	0.511744	0.255264	2.2401	0.0495701	0.275217	0.512089	-0.273508	-0.000137329	6.80342	0.196611	0.00542831	-0.0127239	-1.38119	0.104183	0.32954	-0.381731	
-2.09256	0.744347	-0.203604	8.0075	-0.00387001	-0.0690117	-0.422728	-0.07757	-0.117914	-1.19144	-3.80958	1.95717	1.6144	-0.0393124	0.0114899	0.331848	0.500635	2.84599	-0.0145378	0.490526	0.0656433	0.027462	-1.35195	20.684	0.49029	0.330822	2.23458	0.0342102	0.266882	0.549641	-0.283508	-0.000127792	6.80197	0.208261	0.00239754	-0.0137596	-1.38835	0.108305	0.29874	-0.385979	
-2.08638	0.761322	-0.203104	8.00084	-0.00360489	-0.0719299	-0.423075	-0.0770378	-0.120859	-1.21666	-3.81322	1.95846	1.61418	-0.0471745	0.00730133	0.345602	0.506563	2.84381	-0.0116749	0.504669	0.0643234	0.037466	-1.37651	20.6864	0.508186	0.317539	2.23761	0.044445	0.272736	0.499607	-0.275116	-0.0001297	6.80094	0.216829	0.00702858	-0.0135231	-1.38534	0.105507	0.307344	-0.394711	
-2.08801	0.760727	-0.202362	8.00067	-0.00341415	-0.0716858	-0.422588	-0.0766411	-0.121023	-1.21712	-3.81366	1.94142	1.61702	-0.0462055	0.00888824	0.343765	0.523199	2.84338	-0.00870132	0.503622	0.063591	0.0349216	-1.38319	20.6863	0.51366	0.314186	2.2413	0.0412159	0.267952	0.503366	-0.280432	-0.00012207	6.7953	0.218512	-0.00556946	-0.0140381	-1.3827	0.107279	0.320885	-0.384886	
-2.0868	0.759247	-0.20299	8.00024	-0.00360298	-0.0714188	-0.4252	-0.0769005	-0.125893	-1.22012	-3.8143	1.95678	1.6242	-0.0481873	0.00696182	0.341282	0.502913	2.83995	-0.0124111	0.500067	0.0630836	0.0311909	-1.37782	20.6833	0.506357	0.316582	2.25494	0.0459423	0.290581	0.496258	-0.276335	-0.000108719	6.79944	0.215458	0.00608253	-0.0133324	-1.38445	0.105289	0.315086	-0.388655	
-2.08899	0.761213	-0.20455	7.99681	-0.00366783	-0.0721989	-0.42079	-0.076992	-0.120974	-1.21752	-3.81541	1.95768	1.6117	-0.0471115	0.00761414	0.345146	0.505756	2.84128	-0.0143547	0.502491	0.0639839	0.0318871	-1.36373	20.6843	0.507153	0.315996	2.24543	0.0474148	0.270552	0.497105	-0.274221	-0.0001297	6.79839	0.208145	0.00658417	-0.0129318	-1.38713	0.105875	0.325724	-0.386309	
-2.08398	0.764772	-0.202349	7.99966	-0.00342941	-0.072113	-0.416634	-0.075491	-0.120426	-1.21637	-3.82031	1.95759	1.61269	-0.0501862	0.00868416	0.349995	0.506538	2.84871	-0.00903702	0.524996	0.0662785	0.0311527	-1.35789	20.6845	0.507156	0.281672	2.24015	0.0357971	0.249517	0.501389	-0.279232	-0.000127792	6.8006	0.219765	0.00893784	-0.0140362	-1.38949	0.106993	0.32691	-0.393906	
-2.08837	0.765236	-0.205084	7.99836	-0.00368118	-0.0724163	-0.420574	-0.0768471	-0.122961	-1.21478	-3.8131	1.96228	1.61452	-0.0476665	0.00613022	0.341925	0.507711	2.84323	-0.0127964	0.504902	0.0644932	0.0391617	-1.37401	20.6863	0.509262	0.31953	2.23647	0.0229855	0.273546	0.498278	-0.275347	-0.000127792	6.80021	0.219038	0.00906754	-0.013485	-1.38313	0.104385	0.309851	-0.38349	
-2.06947	0.759405	-0.204435	7.99775	-0.00360107	-0.0720787	-0.425974	-0.0770378	-0.121204	-1.21851	-3.81631	1.95669	1.6111	-0.0475731	0.00812149	0.344156	0.50502	2.84072	-0.014349	0.501583	0.0631428	0.0315933	-1.3696	20.6833	0.506176	0.315477	2.24453	0.0466404	0.26965	0.496521	-0.275988	-0.000127792	6.79785	0.216721	0.00752258	-0.0129738	-1.38724	0.106907	0.325008	-0.3873	
-2.08863	0.759594	-0.203938	7.99859	-0.00358963	-0.0717621	-0.425272	-0.0773983	-0.121273	-1.20767	-3.81547	1.95753	1.61193	-0.0444908	0.00795364	0.353668	0.50473	2.84156	-0.0150547	0.502422	0.0632725	0.0323715	-1.37876	20.6841	0.507015	0.316317	2.23537	0.0456505	0.270489	0.49736	-0.284323	-0.000127792	6.79869	0.217127	0.00785065	-0.0129356	-1.38718	0.106846	0.324812	-0.376459	
-2.09079	0.759623	-0.204933	7.99591	-0.00367355	-0.0720921	-0.425842	-0.0769138	-0.122475	-1.21822	-3.81422	1.96718	1.61437	-0.0466747	0.00399017	0.332609	0.506498	2.84173	-0.0131493	0.502844	0.0637798	0.0311108	-1.37942	20.6844	0.506227	0.315565	2.26503	0.0432034	0.268976	0.498747	-0.271915	-0.0001297	6.79761	0.217714	0.00626183	-0.0128593	-1.38484	0.108812	0.32288	-0.387632	
-2.08925	0.767675	-0.202116	7.99887	-0.00364113	-0.0727787	-0.421677	-0.0769749	-0.121582	-1.21692	-3.81365	1.94731	1.61483	-0.0475349	0.0108032	0.341141	0.502434	2.84191	-0.0113201	0.507496	0.0668335	0.0292873	-1.37452	20.6857	0.514618	0.324137	2.23517	0.0346947	0.288187	0.495541	-0.284353	-0.000125885	6.79783	0.196228	0.00553513	-0.0129261	-1.38186	0.106379	0.325171	-0.377567	
-2.08778	0.757214	-0.204302	8.00047	-0.00358582	-0.071619	-0.426704	-0.0770664	-0.123692	-1.22075	-3.81744	1.95495	1.61213	-0.0474377	0.00600433	0.337856	0.506601	2.84105	-0.0146198	0.500071	0.0650501	0.033083	-1.37046	20.6823	0.50485	0.317547	2.23336	0.0441322	0.269831	0.538933	-0.274532	-0.000118256	6.796	0.216072	0.00607491	-0.0130749	-1.3826	0.10499	0.32329	-0.384716	
-2.08683	0.761553	-0.204195	8.00103	-0.00370216	-0.0726604	-0.424168	-0.0770226	-0.121683	-1.21525	-3.81316	1.95992	1.61683	-0.0481262	0.00681877	0.345446	0.505724	2.84352	-0.0175095	0.497032	0.0652657	0.0359402	-1.37783	20.6875	0.489958	0.343626	2.2362	0.0438404	0.277687	0.498009	-0.282726	-0.000108719	6.79856	0.215357	0.00765228	-0.0133095	-1.37973	0.10552	0.326895	-0.402752	
-2.08889	0.754858	-0.205109	7.9981	-0.00364876	-0.0708542	-0.424889	-0.0770912	-0.122709	-1.21955	-3.8139	1.94698	1.61242	-0.0470982	0.00695801	0.338982	0.506506	2.84254	-0.0147324	0.499849	0.0643501	0.0304623	-1.37769	20.6848	0.507063	0.339741	2.23599	0.0434532	0.273941	0.518589	-0.277491	-0.00012207	6.79724	0.215773	0.00659943	-0.0133343	-1.38315	0.107166	0.323061	-0.384708	
-2.08818	0.76125	-0.205095	7.99904	-0.00362015	-0.0717335	-0.426434	-0.0770245	-0.124784	-1.21721	-3.81502	1.95798	1.61239	-0.0478649	0.00719452	0.324446	0.516315	2.84201	-0.0145874	0.502878	0.0649738	0.03228	-1.3783	20.6846	0.507469	0.316771	2.23582	0.0579357	0.270943	0.507816	-0.275557	-0.000118256	6.79914	0.218937	0.00735855	-0.0132313	-1.38547	0.106869	0.326303	-0.386005	
-2.08018	0.759472	-0.205635	7.93738	-0.00359917	-0.0726013	-0.421934	-0.0770798	-0.118078	-1.20436	-3.80512	1.96547	1.62108	-0.0490074	0.0039463	0.336702	0.511778	2.85846	-0.0205421	0.520935	0.0667934	0.0506268	-1.33948	20.6932	0.516142	0.30014	2.26187	0.0369034	0.277103	0.508747	-0.293013	-8.7738e-05	6.80664	0.209124	-0.0260029	-0.0134277	-1.40242	0.0960484	0.315134	-0.383665	
-2.09038	0.759312	-0.204487	8.00684	-0.00361061	-0.0721092	-0.425932	-0.0770321	-0.121735	-1.21942	-3.81722	1.95578	1.61019	-0.0474777	0.00798607	0.343245	0.50411	2.83981	-0.0142651	0.520672	0.0634918	0.0310993	-1.35051	20.6824	0.505264	0.314566	2.23362	0.0457306	0.268738	0.495609	-0.275574	-0.000127792	6.79694	0.217281	0.00771523	-0.012928	-1.38767	0.106916	0.324099	-0.38821	
-2.09225	0.758549	-0.205675	7.99518	-0.00365639	-0.0715218	-0.426695	-0.0771637	-0.120295	-1.21527	-3.81582	1.9709	1.61465	-0.0465298	0.00715637	0.353376	0.520683	2.84516	-0.0143261	0.502283	0.0565147	0.0399399	-1.37982	20.6865	0.509958	0.311602	2.23909	0.0507736	0.280123	0.500774	-0.275791	-0.000139236	6.79704	0.214291	0.00500298	-0.0131378	-1.38907	0.105761	0.298738	-0.387785	
-2.08692	0.759764	-0.207138	8.00031	-0.00356674	-0.0718765	-0.42642	-0.0769424	-0.1224	-1.21595	-3.81375	1.93849	1.61365	-0.0477276	0.00561714	0.344406	0.50559	2.84327	-0.0151482	0.504141	0.0632477	0.0343475	-1.37704	20.6859	0.50873	0.318033	2.24709	0.0466137	0.272205	0.499075	-0.274195	-0.0001297	6.80041	0.217573	0.00792885	-0.0130787	-1.38421	0.106541	0.327566	-0.384743	
-2.08367	0.770292	-0.204441	8.00098	-0.00356483	-0.0732098	-0.42411	-0.0765877	-0.126095	-1.21115	-3.8097	1.95439	1.621	-0.050066	0.00647545	0.347023	0.515759	2.84567	-0.0150414	0.508736	0.0686455	0.0347767	-1.37444	20.6904	0.514008	0.248861	2.24346	0.0453873	0.276062	0.50576	-0.277313	-0.000104904	6.79958	0.219646	-0.00630569	-0.0135136	-1.38155	0.10084	0.329418	-0.39286	
-2.08864	0.759508	-0.203741	7.99749	-0.00357819	-0.0717487	-0.424168	-0.0770092	-0.119179	-1.21727	-3.81614	1.95817	1.61143	-0.0469818	0.00703621	0.347065	0.505482	2.84155	-0.0150509	0.542667	0.0643196	0.0324593	-1.37913	20.683	0.506298	0.315647	2.23525	0.0430298	0.269367	0.497091	-0.273849	-0.000131607	6.79949	0.198606	0.00626183	-0.0126228	-1.38659	0.106524	0.325979	-0.385973	
-2.08989	0.759605	-0.205906	8.00756	-0.00358009	-0.0719299	-0.425444	-0.0770664	-0.121902	-1.21982	-3.81661	1.95717	1.61264	-0.0476151	0.00594139	0.345697	0.505905	2.83909	-0.0137997	0.501051	0.0633698	0.0301056	-1.38106	20.6825	0.506367	0.312737	2.24279	0.0510635	0.267712	0.526266	-0.275658	-0.0001297	6.79659	0.217358	0.00790787	-0.0130615	-1.38664	0.107483	0.324013	-0.387981	
-2.04186	0.742054	-0.21187	7.98724	-0.00344658	-0.0754395	-0.433765	-0.0784988	-0.127058	-1.20966	-3.81123	1.90635	1.60694	-0.0448933	0.00619316	0.386627	0.509785	2.8546	-0.0184689	0.525351	0.0622349	0.0419865	-1.34932	20.6774	0.488592	0.327766	2.22782	0.0251427	0.296442	0.490503	-0.283581	-0.000131607	6.80866	0.201982	0.00574684	-0.013916	-1.38766	0.106361	0.311203	-0.369026	
-2.09183	0.75625	-0.204086	7.99861	-0.00382996	-0.0713272	-0.424747	-0.0770359	-0.122818	-1.21399	-3.80568	1.97189	1.61167	-0.0454712	0.00659561	0.332785	0.507288	2.84122	-0.0208397	0.515259	0.0651608	0.0337887	-1.38768	20.684	0.509356	0.321892	2.2323	0.0421448	0.274452	0.497673	-0.278246	-0.000112534	6.79937	0.216913	0.00974274	-0.0134201	-1.38359	0.107779	0.323095	-0.382998	
-2.07538	0.765707	-0.206633	8.01875	-0.00374985	-0.07271	-0.424835	-0.076786	-0.120523	-1.21495	-3.81416	1.96253	1.61878	-0.0466938	0.00591469	0.340763	0.506306	2.84683	-0.0155849	0.503992	0.0628719	0.0374508	-1.37333	20.6872	0.512564	0.309004	2.24129	0.0403137	0.267385	0.503492	-0.277058	-0.000104904	6.80079	0.220224	-0.00206566	-0.0130291	-1.39568	0.0884457	0.307978	-0.3873	
-2.08888	0.760649	-0.203074	7.99959	-0.00364685	-0.0716419	-0.423866	-0.0769691	-0.121521	-1.21699	-3.81337	1.9591	1.60878	-0.046011	0.00738716	0.340151	0.503223	2.84542	-0.0112572	0.505232	0.0652313	0.0351028	-1.37404	20.6867	0.497078	0.31761	2.23888	0.0430984	0.274662	0.499207	-0.28064	-0.000150681	6.79694	0.203794	0.00719833	-0.0132446	-1.38938	0.110153	0.329252	-0.371166	
-2.08993	0.759758	-0.204546	7.99729	-0.00360298	-0.0721321	-0.425997	-0.0770092	-0.121773	-1.21897	-3.81677	1.95622	1.61063	-0.0475292	0.00786018	0.353691	0.504557	2.84025	-0.0144196	0.50112	0.0637531	0.031374	-1.38006	20.6828	0.505711	0.335012	2.23406	0.0456581	0.289186	0.496056	-0.275692	-0.000127792	6.79738	0.217098	0.00770187	-0.0129662	-1.38722	0.107	0.324545	-0.387764	
-2.08441	0.752514	-0.205221	7.99743	-0.00360107	-0.0728722	-0.42635	-0.0768127	-0.125019	-1.21842	-3.81217	1.95915	1.61169	-0.0465279	0.00494194	0.344875	0.506893	2.84187	-0.0117664	0.501118	0.0626926	0.03438	-1.37293	20.6868	0.504608	0.34157	2.23323	0.0353985	0.285702	0.494457	-0.271841	-0.000125885	6.80191	0.217562	0.00544548	-0.0129833	-1.38282	0.108345	0.315208	-0.397333	
-2.09843	0.752172	-0.206778	7.99936	-0.00349998	-0.0702724	-0.427217	-0.077198	-0.120142	-1.21458	-3.81335	1.96095	1.61538	-0.0410748	0.00779343	0.344088	0.508377	2.84424	-0.0100384	0.513088	0.065237	0.0345383	-1.37225	20.673	0.509302	0.309837	2.25654	0.0380936	0.271477	0.498705	-0.273045	-0.000118256	6.7992	0.215227	3.05176e-05	-0.012682	-1.38334	0.0843353	0.335566	-0.382631	
-2.09869	0.768721	-0.204081	7.98765	-0.00364304	-0.0738106	-0.416946	-0.0764236	-0.121559	-1.21585	-3.8101	1.95776	1.59918	-0.0498085	0.0115738	0.348557	0.523869	2.84464	-0.0114632	0.50226	0.0671921	0.0330639	-1.37843	20.6854	0.503792	0.318352	2.23224	0.036974	0.293077	0.494482	-0.281443	-0.000139236	6.79655	0.21085	0.00800323	-0.0133018	-1.38069	0.1089	0.323147	-0.384846	
-2.09139	0.761156	-0.204048	7.99661	-0.00364876	-0.0723171	-0.425222	-0.0769329	-0.121874	-1.21926	-3.82024	1.95377	1.61009	-0.0473137	0.00931168	0.343605	0.504919	2.84108	-0.0153446	0.500986	0.0634174	0.0387936	-1.38095	20.6823	0.506535	0.317188	2.23538	0.0573044	0.305798	0.495991	-0.275267	-0.000127792	6.79712	0.216045	0.00679207	-0.0128536	-1.3873	0.107054	0.323151	-0.387453	
-2.08961	0.757763	-0.205208	7.99744	-0.00364876	-0.0716934	-0.426043	-0.0769348	-0.122026	-1.21947	-3.8149	1.96654	1.62211	-0.0464382	0.00670815	0.341871	0.507795	2.84136	-0.0141296	0.502878	0.065794	0.0355587	-1.37457	20.683	0.506536	0.313152	2.23581	0.0453358	0.268854	0.508953	-0.275915	-0.0001297	6.79913	0.219309	-0.0110207	-0.0129642	-1.3741	0.106155	0.328386	-0.390709	
-2.08925	0.760258	-0.204706	7.99798	-0.00363541	-0.0722847	-0.425497	-0.076973	-0.121336	-1.21828	-3.81609	1.95691	1.61132	-0.0470943	0.00813866	0.344244	0.505245	2.84094	-0.0145626	0.51181	0.0639	0.0317554	-1.36937	20.6835	0.506399	0.315453	2.25476	0.0462742	0.269873	0.496744	-0.274899	-0.000131607	6.79795	0.217865	-0.00234795	-0.012989	-1.38654	0.108051	0.325233	-0.387075	
-2.0888	0.760889	-0.199429	7.99842	-0.00362396	-0.0721283	-0.425858	-0.076992	-0.121399	-1.21784	-3.81564	1.95735	1.61176	-0.0470886	0.00760269	0.344822	0.50569	2.84138	-0.00968742	0.502251	0.0632648	0.0322018	-1.35893	20.684	0.506844	0.316143	2.2352	0.0365143	0.270315	0.497187	-0.273993	-0.0001297	6.79852	0.217247	0.00832176	-0.0130138	-1.38609	0.106829	0.325678	-0.386629	
-2.08612	0.764076	-0.202745	7.99891	-0.00360489	-0.0727406	-0.423227	-0.0771637	-0.11928	-1.219	-3.81713	1.96327	1.6146	-0.0480099	0.00921059	0.34516	0.496534	2.84627	-0.0125523	0.502226	0.0603638	0.0321445	-1.36426	20.6845	0.503551	0.310658	2.26891	0.0372124	0.267467	0.500168	-0.276737	-0.000108719	6.79656	0.212765	0.00468254	-0.013319	-1.38921	0.106905	0.319502	-0.389824	
-2.08795	0.761177	-0.204779	7.99927	-0.00355911	-0.0718307	-0.425985	-0.0769405	-0.121948	-1.21698	-3.81479	1.95821	1.61262	-0.0472336	0.00571251	0.345676	0.506544	2.84224	-0.0138931	0.503107	0.0633945	0.0332031	-1.36808	20.6848	0.507696	0.316998	2.23605	0.0361443	0.27117	0.498041	-0.273483	-0.000131607	6.79937	0.21842	0.00844955	-0.0136852	-1.38524	0.107754	0.326532	-0.385777	
-2.08651	0.759472	-0.203606	8.00063	-0.00367355	-0.0714016	-0.425282	-0.0769749	-0.122473	-1.22099	-3.81622	1.95381	1.6135	-0.0459919	0.0068531	0.341619	0.501263	2.84463	-0.0127163	0.502329	0.0628166	0.0346699	-1.3653	20.6833	0.50724	0.313971	2.23913	0.050396	0.271454	0.498314	-0.278158	-0.000102997	6.7979	0.22867	0.0111103	-0.0134506	-1.38232	0.0748882	0.348013	-0.388456	
-2.08896	0.760189	-0.203957	8.00826	-0.00362015	-0.0722103	-0.425257	-0.0770702	-0.121346	-1.21799	-3.8158	1.9572	1.61161	-0.0460281	0.00844955	0.344667	0.504766	2.84123	-0.00953293	0.502096	0.0629101	0.0325222	-1.37909	20.6838	0.506687	0.315304	2.24504	0.0465202	0.270159	0.497032	-0.274151	-0.000127792	6.79784	0.216991	0.00731468	-0.0129642	-1.38655	0.106604	0.325521	-0.386787	
-2.08492	0.760195	-0.201258	7.99923	-0.00367165	-0.0711861	-0.421528	-0.0771809	-0.117067	-1.21891	-3.81377	1.95824	1.61388	-0.047123	0.00668144	0.344332	0.504017	2.84303	-0.0136204	0.504175	0.0633183	0.0313168	-1.37349	20.6857	0.50712	0.309624	2.23979	0.0454197	0.27132	0.50041	-0.278339	-0.000116348	6.78723	0.230408	0.000139236	-0.0135956	-1.37817	0.0915718	0.329952	-0.38377	
-2.1073	0.760668	-0.205557	7.99774	-0.00360107	-0.0720081	-0.423485	-0.0768337	-0.124315	-1.21473	-3.81293	1.95712	1.616	-0.0471134	0.00612259	0.338507	0.503136	2.84289	-0.0123291	0.502802	0.0627041	0.0331249	-1.37251	20.6861	0.509409	0.343031	2.23283	0.0484772	0.275484	0.496479	-0.275639	-0.000123978	6.79861	0.22419	-0.0149727	-0.0128727	-1.37899	0.102287	0.330292	-0.383892	
-2.09146	0.755144	-0.204809	7.9984	-0.00361061	-0.0709858	-0.423845	-0.0772953	-0.120966	-1.2151	-3.8144	1.95744	1.61539	-0.0452976	0.00887871	0.341585	0.505697	2.8434	-0.0135784	0.513571	0.0641689	0.0322094	-1.36615	20.6851	0.50972	0.268635	2.23792	0.0452633	0.281958	0.498426	-0.276953	-0.000102997	6.80055	0.218079	0.00898743	-0.0133705	-1.38253	0.106518	0.327797	-0.374313	
-2.08753	0.763321	-0.20517	7.99174	-0.00372124	-0.0720253	-0.423132	-0.076786	-0.12031	-1.21471	-3.81239	1.96215	1.60509	-0.0472183	0.00575447	0.337492	0.509108	2.84366	-0.0127544	0.50515	0.0632191	0.0327625	-1.37534	20.687	0.509262	0.318785	2.23961	0.0362434	0.274351	0.498169	-0.277903	-0.000141144	6.80014	0.210056	0.00732803	-0.0136204	-1.38615	0.111866	0.328491	-0.382961	
-2.08068	0.760441	-0.204161	7.99524	-0.0036335	-0.072319	-0.425623	-0.0769215	-0.120991	-1.21797	-3.81657	1.95626	1.61074	-0.0461769	0.00847244	0.334894	0.506403	2.84014	-0.0245094	0.502937	0.0638752	0.0315056	-1.36885	20.6853	0.507256	0.317062	2.23539	0.0492878	0.290518	0.49724	-0.277811	-0.0001297	6.79659	0.218569	0.00829506	-0.0130749	-1.38624	0.107471	0.326651	-0.385801	
-2.08609	0.755045	-0.204313	8.00356	-0.00375557	-0.0710659	-0.422621	-0.076992	-0.118282	-1.22074	-3.80605	1.95999	1.6138	-0.0443821	0.00829506	0.338505	0.503157	2.85273	-0.0131779	0.502066	0.0640678	0.0297718	-1.35467	20.6774	0.485714	0.328104	2.2303	0.0298977	0.280146	0.51033	-0.280254	-0.000112534	6.796	0.221981	0.00621414	-0.0128632	-1.39215	0.109488	0.322039	-0.387266	
-2.0871	0.756876	-0.205475	8.00144	-0.00373077	-0.0710716	-0.426704	-0.077116	-0.123096	-1.21532	-3.81256	1.96138	1.61498	-0.0458145	0.00647736	0.325546	0.50337	2.84336	-0.0135899	0.506638	0.0653629	0.0316753	-1.3747	20.687	0.509007	0.319674	2.23787	0.0471554	0.274021	0.499529	-0.273634	-0.000125885	6.803	0.218185	0.00402641	-0.0131149	-1.38319	0.106918	0.314442	-0.383249	
-2.09152	0.760004	-0.203619	7.99744	-0.00372124	-0.0715618	-0.423988	-0.0769825	-0.119158	-1.22389	-3.81488	1.95727	1.61243	-0.0456581	0.0067234	0.337933	0.507004	2.84075	-0.0208054	0.504566	0.0653915	0.0375195	-1.36488	20.6841	0.507572	0.316906	2.23716	0.0449181	0.274601	0.49843	-0.275921	-0.000116348	6.80046	0.21851	0.00926018	-0.013031	-1.38406	0.108789	0.324793	-0.387888	
-2.08833	0.757471	-0.204367	7.99842	-0.0036602	-0.0723839	-0.425486	-0.076849	-0.121634	-1.21596	-3.814	1.95818	1.61488	-0.0436039	0.00860023	0.345158	0.50519	2.84434	-0.0144787	0.50169	0.0616779	0.03442	-1.35725	20.6843	0.508181	0.327559	2.23586	0.0442448	0.271248	0.499914	-0.270199	-0.000131607	6.7987	0.196596	0.00223732	-0.0126724	-1.38506	0.107046	0.316141	-0.384872	
-2.08865	0.766382	-0.203709	7.99445	-0.00374222	-0.0739765	-0.410908	-0.0764427	-0.121899	-1.21899	-3.81594	1.95693	1.61256	-0.0513859	0.0070591	0.351288	0.50177	2.84395	-0.014801	0.503742	0.0647335	0.0336704	-1.35341	20.6811	0.507795	0.308081	2.23683	0.0447769	0.266045	0.499683	-0.278254	-0.000146866	6.80085	0.213942	0.00738716	-0.0138073	-1.39161	0.108294	0.319313	-0.382641	
-2.08769	0.761492	-0.206287	7.99953	-0.0036335	-0.0720901	-0.42647	-0.076952	-0.12192	-1.21673	-3.81453	1.95846	1.61124	-0.0466061	0.00751877	0.345934	0.5068	2.8425	-0.0139217	0.503363	0.0643215	0.0362091	-1.36782	20.6851	0.507954	0.317255	2.23631	0.04772	0.271427	0.498299	-0.264555	-0.000127792	6.79963	0.216986	0.00685692	-0.0129032	-1.38681	0.105917	0.32453	-0.406271	
-2.09055	0.737581	-0.206589	8.01532	-0.00379372	-0.0696964	-0.425695	-0.0772514	-0.120895	-1.2136	-3.81324	1.9629	1.6138	-0.0409889	0.00786209	0.34367	0.50106	2.83628	-0.0111103	0.508579	0.0617657	0.0359936	-1.3742	20.6896	0.508995	0.349148	2.22952	0.0371037	0.273712	0.491781	-0.277533	-0.000125885	6.80313	0.21073	0.00230408	-0.0130615	-1.38848	0.106953	0.319014	-0.389812	
-2.08411	0.776003	-0.205397	8.00682	-0.00353432	-0.0703354	-0.426823	-0.0776482	-0.122908	-1.20777	-3.81521	1.9557	1.6151	-0.0455894	0.00676727	0.327946	0.506123	2.84627	-0.0157948	0.502876	0.0638714	0.0349712	-1.37783	20.6957	0.506468	0.31665	2.23845	0.0390263	0.277946	0.50103	-0.293058	-0.000116348	6.79635	0.218676	-0.00364685	-0.0143261	-1.39019	0.103683	0.328789	-0.382689	
-2.07831	0.761009	-0.203245	8.00851	-0.00368118	-0.0722103	-0.423235	-0.0767078	-0.125696	-1.21244	-3.81553	1.96092	1.58695	-0.0443439	0.00618172	0.331734	0.514675	2.84573	-0.0090065	0.507082	0.0631371	0.0363235	-1.36413	20.7008	0.503078	0.289873	2.27133	0.0294971	0.27475	0.500834	-0.300247	-0.000167847	6.79715	0.227123	-0.0018959	-0.0131493	-1.39301	0.113964	0.304861	-0.375725	
-2.09038	0.759312	-0.204487	7.99684	-0.00361061	-0.0721092	-0.425932	-0.0770321	-0.121735	-1.21942	-3.81722	1.95578	1.61019	-0.0474777	0.00798607	0.343245	0.50411	2.83981	-0.0142651	0.500673	0.0634918	0.0310993	-1.35051	20.6824	0.505264	0.314566	2.23362	0.0457306	0.268738	0.52561	-0.275574	-0.000127792	6.79694	0.217281	0.00771523	-0.012928	-1.38767	0.106916	0.324099	-0.38821	
-2.08709	0.761076	-0.204855	8.00013	-0.00367546	-0.0717487	-0.426022	-0.0769253	-0.121164	-1.21613	-3.81393	1.95906	1.61347	-0.0460014	0.00841141	0.324419	0.517399	2.8431	-0.0157623	0.503962	0.0690517	0.0325012	-1.37722	20.6857	0.508553	0.317854	2.23691	0.0443954	0.272026	0.498899	-0.273373	-0.000123978	6.80023	0.217398	0.00886917	-0.0128155	-1.38438	0.105261	0.316887	-0.38492	
-2.08795	0.755014	-0.205772	7.99927	-0.00359726	-0.0720196	-0.425867	-0.0770035	-0.122154	-1.21699	-3.81479	1.9582	1.61261	-0.0478992	0.00750732	0.355673	0.506538	2.84224	-0.0125771	0.503101	0.063776	0.0325356	-1.37808	20.6848	0.507694	0.316996	2.24605	0.0471516	0.271168	0.498039	-0.274828	-0.000133514	6.79937	0.207619	0.00667763	-0.0130615	-1.38554	0.10578	0.326529	-0.385782	
-2.09118	0.755844	-0.204008	7.99562	-0.003685	-0.0715504	-0.424721	-0.0769901	-0.11949	-1.21865	-3.81312	1.95672	1.63206	-0.0461864	0.00728798	0.345093	0.484692	2.84042	-0.0168571	0.504141	0.0639801	0.0346069	-1.37921	20.6863	0.512932	0.318283	2.23304	0.0412807	0.283035	0.506346	-0.279594	-0.000127792	6.79944	0.218798	0.00639343	-0.0132084	-1.38443	0.107632	0.324717	-0.385246	
-2.08803	0.759674	-0.207848	7.9983	-0.00355148	-0.0718307	-0.426321	-0.0769939	-0.121813	-1.21513	-3.81194	1.96147	1.61457	-0.0461578	0.00637245	0.341034	0.507713	2.84281	-0.0147171	0.505844	0.0628967	0.0338154	-1.36481	20.6858	0.508127	0.320272	2.23911	0.045187	0.275305	0.500374	-0.273026	-0.000133514	6.79953	0.18924	0.00402832	-0.0125999	-1.38643	0.107731	0.326323	-0.384729	
-2.08597	0.760658	-0.205101	8.00162	-0.00356674	-0.0715847	-0.426771	-0.0769367	-0.122185	-1.21354	-3.81343	1.96124	1.61557	-0.0465298	0.0062542	0.348568	0.499224	2.84413	-0.0121307	0.505365	0.0616379	0.0370846	-1.37443	20.6871	0.514029	0.318024	2.23957	0.0385666	0.273581	0.500784	-0.275381	-0.000131607	6.80133	0.210045	-0.0147076	-0.0135403	-1.38259	0.103231	0.325579	-0.385214	
-2.08821	0.760298	-0.204758	7.99958	-0.00365829	-0.0719051	-0.425325	-0.0770836	-0.120785	-1.21677	-3.81462	1.95868	1.61252	-0.0465946	0.00740242	0.343832	0.495708	2.84221	-0.0139446	0.50354	0.0640087	0.0315037	-1.37781	20.6849	0.506941	0.348177	2.23564	0.0457058	0.272346	0.497488	-0.275112	-0.000131607	6.79921	0.206997	0.00693512	-0.012907	-1.38729	0.106657	0.324423	-0.387577	
-2.0863	0.758768	-0.20462	8.00149	-0.00357819	-0.0716553	-0.425732	-0.0771732	-0.123083	-1.21964	-3.81313	1.95597	1.61208	-0.0463886	0.00680542	0.344479	0.506222	2.84404	-0.0133839	0.506691	0.0654583	0.0377617	-1.36481	20.6862	0.506277	0.320297	2.23634	0.0440598	0.284843	0.497271	-0.278507	-0.000118256	6.79885	0.218603	0.00654793	-0.0132999	-1.38375	0.107428	0.303183	-0.385178	
-2.08996	0.759481	-0.204433	7.99726	-0.00361061	-0.0720997	-0.425739	-0.0770264	-0.116791	-1.219	-3.8168	1.9562	1.61061	-0.0473118	0.00809288	0.343298	0.50453	2.84023	-0.0143471	0.501093	0.0635033	0.0361385	-1.36009	20.6828	0.505684	0.324984	2.23404	0.0458546	0.27916	0.496031	-0.275154	-0.000127792	6.79736	0.21743	0.00772476	-0.0129337	-1.38751	0.107008	0.324518	-0.387791	
-2.0772	0.764275	-0.202671	8.00118	-0.00355911	-0.0724907	-0.423901	-0.0769539	-0.119865	-1.2148	-3.81375	1.95863	1.61278	-0.0481682	0.00823975	0.348936	0.50639	2.84408	-0.0119686	0.505632	0.0619774	0.0349979	-1.37527	20.6863	0.509716	0.316641	2.23842	0.0410576	0.271521	0.499701	-0.279236	-0.000137329	6.80317	0.215664	0.00504112	-0.0134277	-1.38358	0.0892525	0.306448	-0.384104	
-2.08792	0.767962	-0.20306	8.01985	-0.0037365	-0.0732174	-0.424452	-0.0771942	-0.12221	-1.21828	-3.81651	1.95663	1.6114	-0.0486202	0.00718117	0.344618	0.507561	2.84315	-0.0147057	0.504486	0.0667286	0.0352364	-1.35475	20.6835	0.506975	0.286608	2.23863	0.0423813	0.267097	0.501173	-0.272465	-0.000108719	6.79619	0.218864	-0.000440598	-0.0136051	-1.38198	0.0994434	0.321121	-0.381441	
-2.08838	0.762068	-0.202398	7.99944	-0.00353622	-0.0717239	-0.421474	-0.0769157	-0.116077	-1.21854	-3.82142	1.94981	1.60989	-0.0453281	0.00857544	0.355675	0.493357	2.83422	-0.00802422	0.509781	0.0586338	0.0294533	-1.3592	20.6788	0.513386	0.300196	2.29517	0.0499039	0.25646	0.493601	-0.277403	-0.0001297	6.79372	0.240047	-0.00795555	-0.0126038	-1.39191	0.100845	0.328899	-0.402918	
-2.08898	0.759392	-0.204882	7.9981	-0.00356865	-0.071682	-0.425407	-0.0769863	-0.121208	-1.21781	-3.81609	1.95404	1.61204	-0.0480824	0.00658798	0.345043	0.506077	2.84107	-0.0126572	0.502251	0.064537	0.0378609	-1.37745	20.6837	0.506994	0.338921	2.23459	0.0480843	0.282396	0.496565	-0.275154	-0.000125885	6.79827	0.221914	-0.0149021	-0.0131493	-1.38403	0.105129	0.326078	-0.386124	
-2.09038	0.759312	-0.204487	7.99684	-0.00361061	-0.0721092	-0.425932	-0.0770321	-0.121735	-1.21942	-3.81722	1.95578	1.61019	-0.0474777	0.00798607	0.363243	0.50411	2.83981	-0.0142651	0.500673	0.0634918	0.0310993	-1.35051	20.6824	0.505264	0.314566	2.23362	0.0457306	0.268738	0.495609	-0.265574	-0.000127792	6.79694	0.217281	0.00771523	-0.012928	-1.38767	0.106916	0.324099	-0.38821	
-2.08845	0.759352	-0.204197	8.00339	-0.00356674	-0.0721626	-0.425066	-0.0769711	-0.121809	-1.2069	-3.81479	1.95706	1.62431	-0.0473785	0.00872993	0.342644	0.504229	2.84394	-0.0148563	0.503262	0.0629101	0.0330429	-1.37847	20.6865	0.507404	0.316307	2.23775	0.0460701	0.280975	0.497957	-0.275047	-0.000120163	6.79805	0.207891	0.00642395	-0.0129204	-1.38354	0.106676	0.324774	-0.384085	
-2.08477	0.762732	-0.204226	8.00246	-0.00356293	-0.0719624	-0.42445	-0.0770302	-0.120913	-1.2138	-3.8116	1.96037	1.6158	-0.0468712	0.00806427	0.346685	0.486948	2.83492	-0.0138245	0.50629	0.0634308	0.0320091	-1.36489	20.688	0.508844	0.320181	2.23923	0.0454044	0.274353	0.501226	-0.286301	-0.000118256	6.80013	0.217186	0.00630188	-0.0132847	-1.38411	0.105431	0.305353	-0.382593	
-2.10908	0.766466	-0.192501	7.98679	-0.0038147	-0.0735359	-0.42321	-0.0767784	-0.121683	-1.2136	-3.81399	1.94636	1.61386	-0.0482979	0.00629044	0.339014	0.496063	2.84787	-0.0128136	0.508778	0.0652657	0.0341969	-1.34273	20.6934	0.494808	0.319221	2.23076	0.0380211	0.287998	0.503101	-0.278996	-0.000108719	6.79575	0.211721	0.00559044	-0.0132446	-1.38091	0.10531	0.323124	-0.385139	
-2.08962	0.760067	-0.204939	7.99759	-0.00360298	-0.072197	-0.426292	-0.0770359	-0.12225	-1.21866	-3.81646	1.95653	1.61094	-0.0478611	0.00817108	0.344	0.504866	2.84056	-0.0118465	0.501429	0.0633812	0.0318546	-1.34975	20.6832	0.50602	0.315321	2.23437	0.0464859	0.269493	0.506363	-0.274817	-0.000127792	6.79769	0.217499	0.00723267	-0.0128937	-1.38692	0.106808	0.324854	-0.387453	
-2.08751	0.760767	-0.204424	8.00433	-0.00362778	-0.0714912	-0.423719	-0.0769215	-0.123013	-1.21256	-3.8158	1.95926	1.61873	-0.0441074	0.00846672	0.338766	0.514961	2.84286	-0.0127392	0.536751	0.0606213	0.0323849	-1.37366	20.6801	0.505018	0.255884	2.23568	0.0478477	0.268959	0.496534	-0.271633	-0.000127792	6.80998	0.218143	0.00794792	-0.0131531	-1.39074	0.108854	0.327894	-0.384954	
-2.0886	0.762812	-0.202194	7.99688	-0.00369263	-0.0719223	-0.423456	-0.0772266	-0.118563	-1.20978	-3.81265	1.96655	1.61317	-0.045311	0.00398827	0.353994	0.498325	2.8451	-0.01297	0.492247	0.0620785	0.0330887	-1.3687	20.6884	0.508577	0.317553	2.24097	0.0426922	0.274103	0.50082	-0.274693	-7.43866e-05	6.80435	0.219349	-0.0232773	-0.0129833	-1.37796	0.0793209	0.327089	-0.380833	
-2.08888	0.760296	-0.204716	7.99834	-0.00359535	-0.0720215	-0.426147	-0.0770111	-0.12236	-1.21792	-3.81572	1.95727	1.61168	-0.0472279	0.00780869	0.34263	0.51561	2.84131	-0.0143299	0.502172	0.0639515	0.0414276	-1.37901	20.6839	0.506763	0.316065	2.23512	0.0466824	0.270237	0.507111	-0.274549	-0.0001297	6.80844	0.21637	0.00782967	-0.0129013	-1.38697	0.106102	0.314301	-0.386711	
-2.08928	0.74991	-0.204916	7.99794	-0.00359917	-0.0719719	-0.425695	-0.0770378	-0.121433	-1.21832	-3.81612	1.95687	1.61128	-0.0471382	0.00778008	0.344345	0.505209	2.84091	-0.0120163	0.501772	0.0629768	0.0316753	-1.37941	20.6835	0.506363	0.355667	2.23472	0.0468292	0.269838	0.49671	-0.274771	-0.000127792	6.79804	0.21806	0.00766563	-0.0128746	-1.38657	0.10677	0.325197	-0.387112	
-2.08514	0.767	-0.205742	7.99917	-0.00358963	-0.073061	-0.425659	-0.0766106	-0.124893	-1.21614	-3.81104	1.96042	1.61507	-0.0483837	0.0053463	0.343981	0.509432	2.84406	-0.0136318	0.499643	0.0624619	0.0364933	-1.3747	20.6884	0.509525	0.331814	2.2386	0.0369225	0.277176	0.499918	-0.276966	-0.000152588	6.80165	0.206486	0.00238228	-0.0133324	-1.38772	0.1098	0.306274	-0.388498	
-2.07731	0.760729	-0.205397	7.99991	-0.00367355	-0.0720329	-0.426003	-0.0769653	-0.121439	-1.21634	-3.81415	1.95885	1.61326	-0.0460434	0.00851059	0.325569	0.507185	2.84288	-0.0143509	0.503748	0.063345	0.0335407	-1.37744	20.6855	0.508341	0.317642	2.23669	0.0466957	0.271814	0.498684	-0.272499	-0.000123978	6.80001	0.218819	0.00182343	-0.0128231	-1.3646	0.106039	0.306421	-0.385136	
-2.10826	0.759094	-0.214872	7.99311	-0.00426292	-0.0645885	-0.427771	-0.0760231	-0.12336	-1.21781	-3.81397	1.96749	1.61523	-0.0478897	0.00113487	0.335375	0.501827	2.83829	-0.0220127	0.526754	0.0615349	0.0499496	-1.35697	20.6903	0.501608	0.2757	2.2491	0.0189648	0.275764	0.510569	-0.273058	-0.000141144	6.79066	0.22212	0.0122528	-0.0139179	-1.38878	0.110973	0.362268	-0.372568	
-2.08886	0.75919	-0.203215	7.99779	-0.00343323	-0.0725155	-0.424635	-0.0769749	-0.125645	-1.21765	-3.81778	1.95696	1.63085	-0.0480595	0.00792122	0.337954	0.506279	2.84252	-0.0124607	0.511879	0.0656433	0.0303955	-1.3756	20.6949	0.506359	0.329586	2.23344	0.0426483	0.272257	0.495369	-0.283352	-0.000106812	6.79602	0.21034	0.00810814	-0.013176	-1.38768	0.108202	0.323845	-0.38702	
-2.08861	0.761082	-0.204338	7.99861	-0.00364876	-0.0720787	-0.425758	-0.0770302	-0.12067	-1.21765	-3.81545	1.96755	1.61196	-0.0495777	0.00733185	0.345015	0.505882	2.84158	-0.0151405	0.502445	0.0643997	0.0309124	-1.37874	20.6842	0.507036	0.316336	2.23539	0.0369987	0.270508	0.507381	-0.275576	-0.0001297	6.80871	0.217173	0.00736809	-0.0129833	-1.3859	0.106987	0.325871	-0.386438	
-2.0867	0.760536	-0.204796	7.99877	-0.0036068	-0.0722389	-0.425936	-0.076952	-0.122082	-1.21719	-3.81354	1.95738	1.61387	-0.0479088	0.00791359	0.343721	0.503504	2.84349	-0.0142326	0.493858	0.0630779	0.032938	-1.36876	20.6861	0.507141	0.316526	2.2373	0.0387325	0.271114	0.499294	-0.274553	-0.0001297	6.80923	0.217304	0.00726128	-0.0129166	-1.38486	0.107439	0.323483	-0.384525	
-2.08794	0.761168	-0.204008	7.99903	-0.00362778	-0.0716686	-0.424387	-0.0769348	-0.120844	-1.21695	-3.81516	1.95784	1.6135	-0.0465298	0.0083046	0.341503	0.50548	2.84278	-0.0150242	0.503073	0.0622234	0.036953	-1.36722	20.6851	0.507307	0.317331	2.23647	0.0426674	0.269899	0.508245	-0.274803	-0.000120163	6.79841	0.214787	0.0060997	-0.0131626	-1.39852	0.107365	0.32568	-0.384609	
-2.09143	0.757421	-0.204716	7.99614	-0.00363731	-0.0721397	-0.42461	-0.077158	-0.120844	-1.21975	-3.81655	1.96099	1.6116	-0.0464821	0.0066433	0.346252	0.506033	2.83706	-0.012125	0.501959	0.0638695	0.0342312	-1.37751	20.684	0.504841	0.366484	2.23141	0.0285969	0.274433	0.494282	-0.277065	-0.000106812	6.8018	0.218037	0.00265694	-0.0132256	-1.38353	0.106524	0.330229	-0.388781	
-2.09038	0.759312	-0.204487	7.99684	-0.00361061	-0.0721092	-0.425932	-0.0770321	-0.121735	-1.19942	-3.81722	1.95578	1.61019	-0.0474777	0.00798607	0.343245	0.50411	2.83981	-0.0142651	0.500673	0.0634918	0.0310993	-1.38051	20.6824	0.525265	0.314566	2.25362	0.0457306	0.268738	0.495609	-0.275574	-0.000127792	6.79694	0.217281	0.00771523	-0.012928	-1.38767	0.106916	0.324099	-0.38821	
-2.09903	0.759726	-0.204582	7.99907	-0.00365448	-0.0718117	-0.425133	-0.0771046	-0.120174	-1.21591	-3.81441	1.95977	1.61325	-0.0459824	0.00695038	0.345026	0.503809	2.84213	-0.0136852	0.503345	0.0627213	0.0321541	-1.36685	20.6852	0.507977	0.327415	2.23589	0.0439796	0.271931	0.497631	-0.276985	-0.000118256	6.79849	0.21492	0.00600815	-0.0131378	-1.38414	0.1077	0.323032	-0.385202	
-2.08729	0.761374	-0.203547	7.99993	-0.00362587	-0.0720348	-0.423532	-0.0770302	-0.121349	-1.21633	-3.81413	1.95886	1.61327	-0.0472984	0.00526237	0.345697	0.506214	2.8429	-0.0144672	0.503761	0.0626507	0.0337448	-1.37742	20.6855	0.508354	0.317656	2.23671	0.0466003	0.271828	0.498697	-0.272549	-0.000131607	6.80003	0.207901	0.00747681	-0.0127068	-1.38686	0.107353	0.325117	-0.386894	
-2.09004	0.759653	-0.204782	7.99718	-0.00361443	-0.0720768	-0.425951	-0.0770206	-0.121622	-1.20908	-3.81688	1.95612	1.61053	-0.0473785	0.00811958	0.343586	0.504452	2.85015	-0.0117989	0.501015	0.0635891	0.030592	-1.38017	20.6827	0.505608	0.314909	2.25396	0.046072	0.279079	0.495951	-0.275505	-0.000127792	6.79728	0.217363	0.00721359	-0.0129585	-1.38733	0.106972	0.32444	-0.387869	
-2.09038	0.759312	-0.204487	7.99684	-0.00361061	-0.0721092	-0.425932	-0.0770321	-0.121735	-1.20942	-3.81722	1.96577	1.61019	-0.0474777	0.00798607	0.343245	0.50411	2.83981	-0.0142651	0.500673	0.0634918	0.0310993	-1.38051	20.6824	0.505264	0.314566	2.25362	0.0457306	0.268738	0.51561	-0.275574	-0.000127792	6.79694	0.217281	0.00771523	-0.012928	-1.38767	0.106916	0.324099	-0.38821	
-2.08651	0.761154	-0.203382	7.99022	-0.00366974	-0.0722237	-0.424511	-0.0770035	-0.12328	-1.21686	-3.81335	1.95827	1.61407	-0.0484505	0.00766563	0.345255	0.506277	2.84369	-0.0151215	0.504553	0.0638027	0.0335026	-1.37663	20.6863	0.509144	0.316912	2.2375	0.0441151	0.271414	0.499487	-0.283146	-0.000123978	6.80082	0.218998	0.00943756	-0.0128784	-1.38543	0.107742	0.326519	-0.385412	
-2.08996	0.76322	-0.2034	8.00021	-0.00367355	-0.072485	-0.421429	-0.0768127	-0.12265	-1.21685	-3.81569	1.95777	1.61267	-0.0434113	0.00927734	0.338337	0.513821	2.84376	-0.0125217	0.504559	0.0657082	0.0390778	-1.36754	20.6868	0.507734	0.318066	2.23592	0.0440693	0.271688	0.498306	-0.27898	-0.000127792	6.79733	0.211855	0.00492477	-0.0131855	-1.38784	0.107403	0.312246	-0.389242	
-2.08688	0.754667	-0.204971	7.99948	-0.00362778	-0.0701542	-0.42597	-0.077343	-0.121084	-1.21471	-3.81567	1.95833	1.61328	-0.0453796	0.00401306	0.343143	0.50491	2.84716	-0.0155087	0.506962	0.0643959	0.037281	-1.36259	20.6824	0.513353	0.315411	2.23871	0.048481	0.285452	0.5012	-0.277327	-0.000133514	6.80536	0.21372	-0.00146866	-0.0134506	-1.38195	0.102194	0.295597	-0.38579	
-2.09637	0.756979	-0.207821	7.98776	-0.00324059	-0.0710793	-0.429878	-0.0767822	-0.115734	-1.21306	-3.81441	1.99407	1.59786	-0.0459423	0.0055809	0.333517	0.530106	2.84086	-0.0195026	0.502417	0.0672359	0.0636444	-1.38186	20.6873	0.50272	0.342197	2.24305	0.015274	0.273834	0.488506	-0.288803	-0.000114441	6.81019	0.215111	0.0045433	-0.0145035	-1.4	0.10504	0.313089	-0.376459	
-2.08731	0.761446	-0.204115	7.99991	-0.00355339	-0.0723038	-0.424784	-0.0769901	-0.120737	-1.21635	-3.81415	1.95885	1.61325	-0.0489407	0.0087204	0.356316	0.507179	2.84288	-0.0154133	0.513744	0.064743	0.0352554	-1.37744	20.6855	0.508333	0.317635	2.23669	0.0460148	0.271807	0.498678	-0.274405	-0.000139236	6.80001	0.216997	0.00646973	-0.0129547	-1.38581	0.105707	0.295658	-0.386679	
-2.08765	0.758076	-0.203926	7.99901	-0.00358009	-0.0719032	-0.424435	-0.0771389	-0.123413	-1.21987	-3.81516	1.9541	1.61293	-0.048584	0.00664139	0.340775	0.505375	2.83921	-0.011095	0.502674	0.0637665	0.0320549	-1.37838	20.7032	0.507414	0.359255	2.23354	0.044405	0.272949	0.49436	-0.276031	-0.0001297	6.79902	0.215519	0.0073185	-0.0134678	-1.38747	0.106113	0.30389	-0.38905	
-2.08906	0.760628	-0.204638	7.99815	-0.00363922	-0.0722504	-0.42592	-0.076952	-0.124456	-1.2181	-3.8159	1.95709	1.6115	-0.0469627	0.00766563	0.344561	0.505426	2.85112	-0.0142078	0.501987	0.064188	0.031311	-1.37919	20.6837	0.506582	0.31588	2.25493	0.0361404	0.270052	0.496925	-0.274256	-0.000131607	6.79825	0.218216	0.00741196	-0.0129471	-1.38664	0.106699	0.325111	-0.376892	
-2.08709	0.758364	-0.203411	7.99878	-0.00355721	-0.0722237	-0.424442	-0.0770741	-0.117512	-1.21872	-3.81401	1.95631	1.61356	-0.0479965	0.00834274	0.344875	0.502859	2.84307	-0.0133419	0.503895	0.0621128	0.0341606	-1.35791	20.6856	0.506254	0.315685	2.23687	0.0441666	0.272085	0.498854	-0.272125	-0.000125885	6.79779	0.214863	0.00439453	-0.012785	-1.38746	0.107723	0.314741	-0.386108	
-2.08904	0.760637	-0.205193	8.00289	-0.00364304	-0.0723152	-0.425035	-0.0767956	-0.120865	-1.2164	-3.81627	1.95776	1.6119	-0.0510368	0.00775337	0.355398	0.506588	2.84389	-0.0108604	0.502831	0.0668087	0.0304127	-1.36769	20.6838	0.508274	0.316689	2.23929	0.0426846	0.270767	0.497917	-0.277847	-0.000141144	6.79856	0.219995	-0.00443268	-0.0136433	-1.38448	0.102421	0.326704	-0.386103	
-2.08833	0.761364	-0.204031	7.99889	-0.00358963	-0.0723019	-0.424217	-0.0769901	-0.122091	-1.21736	-3.81516	1.95783	1.61224	-0.0478516	0.00820732	0.343954	0.506165	2.84186	-0.0139828	0.502728	0.063448	0.0319901	-1.35845	20.6845	0.507318	0.31662	2.23567	0.0466805	0.270792	0.497662	-0.274557	-0.000127792	6.78849	0.218105	0.00772476	-0.0129738	-1.38672	0.107166	0.326153	-0.386152	
-2.078	0.760149	-0.20351	7.99856	-0.00368309	-0.072113	-0.422724	-0.0770817	-0.121151	-1.21873	-3.81652	1.95868	1.61223	-0.0477352	0.00671768	0.345993	0.504757	2.84147	-0.0134392	0.503305	0.0636387	0.0299053	-1.36635	20.6845	0.505211	0.31398	2.23452	0.0434532	0.270239	0.496492	-0.27273	-0.00012207	6.80811	0.214867	0.00731277	-0.012743	-1.39656	0.106501	0.322561	-0.378042	
-2.08858	0.760393	-0.20365	7.99076	-0.00359535	-0.0719852	-0.42457	-0.0771332	-0.120409	-1.21807	-3.81466	1.95803	1.60948	-0.0477276	0.0072403	0.346861	0.507872	2.8399	-0.0162716	0.504616	0.0663967	0.029871	-1.36835	20.686	0.504717	0.316269	2.2546	0.0414467	0.272305	0.496126	-0.276556	-0.0001297	6.80882	0.208979	0.00652504	-0.0130692	-1.38637	0.105709	0.32407	-0.38423	
-2.09026	0.759508	-0.205088	7.99624	-0.00359726	-0.0722942	-0.426455	-0.0769978	-0.122673	-1.21934	-3.81687	1.95507	1.61336	-0.0464134	0.00790405	0.342611	0.502676	2.84124	-0.0146332	0.500057	0.0632992	0.032156	-1.37023	20.6836	0.50408	0.328901	2.23367	0.0360794	0.293007	0.495798	-0.272615	-0.000106812	6.79562	0.215887	0.0089016	-0.0125351	-1.38319	0.108604	0.334797	-0.38872	
-2.08953	0.759182	-0.204067	7.9977	-0.00361252	-0.0719471	-0.425528	-0.0771103	-0.121332	-1.21856	-3.81636	1.95663	1.61104	-0.0470886	0.00764656	0.343588	0.504967	2.84066	-0.0144596	0.50153	0.0635319	0.0316772	-1.37965	20.6833	0.506123	0.355427	2.23447	0.0456161	0.269596	0.496466	-0.275255	-0.000110626	6.7978	0.217838	0.00753593	-0.0130024	-1.38744	0.107037	0.324955	-0.387354	
-2.07474	0.745708	-0.202354	8.00557	-0.00536728	-0.0695915	-0.419991	-0.0783768	-0.118711	-1.22459	-3.81242	1.95537	1.61086	-0.0514297	0.0051136	0.351744	0.488447	2.85029	-0.0113449	0.519575	0.0570545	0.0434895	-1.36502	20.683	0.502934	0.322235	2.24264	0.019289	0.270367	0.502962	-0.283033	-8.39233e-05	6.78732	0.216021	-0.00639343	-0.0141678	-1.38306	0.0936565	0.344475	-0.377695	
-2.08824	0.758854	-0.203724	7.99972	-0.00360107	-0.0719681	-0.425117	-0.0770493	-0.120913	-1.21608	-3.81388	1.95912	1.61353	-0.0470257	0.0082283	0.346588	0.502083	2.84315	-0.013588	0.504017	0.062542	0.0318909	-1.37716	20.6857	0.508606	0.313931	2.26696	0.0467758	0.270937	0.498953	-0.274643	-0.000123978	6.79843	0.216112	0.0082016	-0.012928	-1.39666	0.108265	0.32506	-0.405619	
-2.08817	0.760899	-0.204517	7.99875	-0.00361824	-0.0720196	-0.425768	-0.0769844	-0.121101	-1.21721	-3.81502	1.95798	1.61239	-0.0455475	0.007864	0.345322	0.506317	2.84201	-0.0145226	0.50288	0.064291	0.0345612	-1.3783	20.6846	0.507471	0.316772	2.23582	0.0473022	0.270945	0.497814	-0.279058	-0.000127792	6.79889	0.216446	0.00742531	-0.0129719	-1.38715	0.107132	0.32472	-0.376003	
-2.09281	0.757017	-0.203745	7.9959	-0.00345802	-0.0722084	-0.423553	-0.0769157	-0.122599	-1.21457	-3.8163	1.96204	1.61499	-0.0472984	0.00940895	0.342857	0.511635	2.84475	-0.0168591	0.495573	0.0669937	0.0351715	-1.38016	20.6659	0.509756	0.321026	2.24774	0.0463009	0.30512	0.4974	-0.281534	-0.000118256	6.799	0.19446	0.00404739	-0.0133743	-1.37727	0.106926	0.322132	-0.38205	
-2.09234	0.733746	-0.206038	7.99235	-0.00396919	-0.0695152	-0.425625	-0.0771637	-0.121447	-1.21406	-3.82404	1.96261	1.60966	-0.0413132	0.007267	0.343689	0.507412	2.86384	-0.0132809	0.490301	0.0623341	0.0375347	-1.37091	20.7213	0.492575	0.329361	2.21569	0.0292435	0.298822	0.489515	-0.275391	-0.000120163	6.78621	0.211575	0.0102577	-0.0138454	-1.39919	0.105757	0.344891	-0.367392	
-2.08706	0.760683	-0.204967	8.00017	-0.00358772	-0.0717144	-0.425385	-0.0770512	-0.120783	-1.21609	-3.81389	1.9591	1.61351	-0.0461693	0.00828743	0.346575	0.506157	2.84314	-0.01367	0.504002	0.0684032	0.0322227	-1.36718	20.6857	0.508593	0.317894	2.23695	0.0483456	0.272066	0.49894	-0.275627	-0.0001297	6.80027	0.217287	0.00604439	-0.0128765	-1.38715	0.107103	0.296175	-0.384884	
-2.08769	0.745094	-0.205549	7.99496	-0.00363731	-0.0717926	-0.426767	-0.07691	-0.121489	-1.21309	-3.81813	1.9593	1.61587	-0.0449085	0.00862122	0.340303	0.507366	2.83953	-0.0111332	0.535496	0.0637913	0.0308781	-1.37352	20.6834	0.503643	0.313278	2.25433	0.0388165	0.268358	0.499531	-0.274588	-0.000125885	6.79344	0.218668	0.00735664	-0.0128689	-1.38864	0.1063	0.322912	-0.388964	
-2.0921	0.754589	-0.205231	8.0274	-0.00359917	-0.0714836	-0.42602	-0.0771675	-0.122416	-1.21543	-3.81719	1.95335	1.61757	-0.0406189	0.00835419	0.342171	0.501694	2.84476	-0.015707	0.501095	0.0624695	0.0369854	-1.37681	20.6842	0.506435	0.318399	2.23696	0.0324612	0.273487	0.500177	-0.28108	-0.000127792	6.81169	0.216652	0.00856781	-0.0140724	-1.38717	0.112297	0.310623	-0.385603	
-2.08963	0.763197	-0.206745	7.99866	-0.003582	-0.0721703	-0.425716	-0.0769348	-0.120943	-1.2156	-3.8152	1.96008	1.61127	-0.045578	0.00659943	0.346598	0.508551	2.84218	-0.0154152	0.50469	0.0651875	0.032505	-1.3675	20.6848	0.505016	0.317398	2.23628	0.0252647	0.272982	0.509882	-0.272814	-0.000108719	6.79865	0.207243	0.00492096	-0.0135822	-1.38302	0.105989	0.32193	-0.375999	
-2.08563	0.765608	-0.205908	7.99874	-0.00355148	-0.0722408	-0.423323	-0.0769596	-0.123049	-1.21642	-3.81605	1.95493	1.61569	-0.0482407	0.0069313	0.343632	0.506882	2.83765	-0.013031	0.50246	0.0615749	0.0332241	-1.37793	20.6779	0.508564	0.313698	2.25642	0.0338116	0.269272	0.501202	-0.282284	-0.000120163	6.80166	0.220001	0.00954819	-0.0144634	-1.38626	0.10652	0.331905	-0.384142	
-2.09039	0.760458	-0.205408	7.99605	-0.0036068	-0.0723305	-0.426231	-0.0769711	-0.123219	-1.20789	-3.81683	1.95486	1.63049	-0.0467186	0.00802612	0.34128	0.508005	2.84258	-0.0146198	0.501057	0.0664654	0.0315285	-1.37091	20.6822	0.505602	0.315874	2.23483	0.0432968	0.280426	0.495226	-0.273867	-0.000131607	6.79828	0.222759	0.00205612	-0.0128117	-1.38729	0.102766	0.324987	-0.387169	
-2.08765	0.75572	-0.205185	8.00061	-0.00366211	-0.0712967	-0.426226	-0.0772114	-0.121277	-1.20548	-3.81354	1.97133	1.61404	-0.0455856	0.00605011	0.328049	0.509663	2.84267	-0.01021	0.504265	0.0655651	0.0301018	-1.37495	20.6859	0.50741	0.32012	2.23661	0.0445728	0.274292	0.49872	-0.264849	-0.0001297	6.79861	0.196457	0.00409508	-0.0129337	-1.38564	0.104372	0.321558	-0.385624	
-2.08798	0.758158	-0.204647	7.99856	-0.00364685	-0.0718994	-0.426647	-0.0769043	-0.121517	-1.21795	-3.81875	1.95706	1.61047	-0.0468388	0.00739861	0.343323	0.503363	2.84163	-0.00995445	0.504314	0.0628052	0.0320969	-1.36779	20.6827	0.506355	0.32477	2.24648	0.0434723	0.280237	0.496407	-0.263153	-0.000127792	6.78999	0.214245	0.0069294	-0.0131245	-1.38961	0.107767	0.323215	-0.390196	
-2.08884	0.759499	-0.20466	7.99837	-0.00359535	-0.0720043	-0.425711	-0.077034	-0.11688	-1.21788	-3.81568	1.95731	1.61172	-0.047327	0.00776672	0.344782	0.505646	2.84134	-0.0145817	0.502209	0.0640049	0.0417976	-1.37897	20.6839	0.506802	0.326103	2.23516	0.0572681	0.270275	0.497147	-0.274641	-0.0001297	6.79848	0.21644	0.00739098	-0.0130119	-1.38639	0.106876	0.325348	-0.397173	
-2.08838	0.747183	-0.2059	7.99975	-0.00363731	-0.0709457	-0.427588	-0.0771332	-0.121054	-1.20503	-3.81298	1.96227	1.61479	-0.0455723	0.00599289	0.343155	0.50897	2.84484	-0.0168476	0.502647	0.0683632	0.038662	-1.37925	20.6843	0.507101	0.28924	2.23941	0.0494289	0.26783	0.533422	-0.276531	-0.000127792	6.79828	0.203159	0.0050087	-0.0133991	-1.38134	0.104782	0.322445	-0.384052	
-2.0902	0.759493	-0.204388	8.01702	-0.00361443	-0.0721149	-0.425835	-0.077034	-0.11668	-1.21924	-3.81704	1.95596	1.61037	-0.0473785	0.00793457	0.343426	0.504292	2.83999	-0.0143528	0.500854	0.063673	0.0309715	-1.38033	20.6826	0.505445	0.324745	2.2338	0.0459118	0.288919	0.49579	-0.275393	-0.000127792	6.79712	0.217463	0.00761986	-0.0129509	-1.38749	0.107096	0.32428	-0.388029	
-2.08779	0.758038	-0.204308	7.99931	-0.00358391	-0.0717144	-0.425756	-0.0770416	-0.12184	-1.22142	-3.81697	1.95316	1.61034	-0.0476646	0.00778198	0.343361	0.502371	2.84147	-0.0137253	0.503187	0.0630646	0.033392	-1.37802	20.6818	0.507118	0.316816	2.23386	0.046669	0.311098	0.49498	-0.280706	-0.000135422	6.80391	0.21652	0.00530815	-0.01297	-1.37515	0.105644	0.322971	-0.390459	
-2.09038	0.759312	-0.204487	7.99684	-0.00361061	-0.0721092	-0.425932	-0.0770321	-0.121735	-1.21942	-3.81722	1.95578	1.61019	-0.0474777	0.00798607	0.343245	0.524113	2.83981	-0.0142651	0.510672	0.0634918	0.0310993	-1.38051	20.6824	0.505264	0.314566	2.23362	0.0457306	0.268738	0.52561	-0.275574	-0.000127792	6.79694	0.217281	0.00771523	-0.012928	-1.38767	0.106916	0.324099	-0.38821	
-2.09059	0.694674	-0.209005	8.00379	-0.00411415	-0.0707321	-0.425791	-0.0769768	-0.121191	-1.20785	-3.80961	1.9678	1.61777	-0.0443954	0.00853348	0.34016	0.507986	2.84702	-0.0205498	0.509039	0.0640392	0.038496	-1.37897	20.6898	0.511906	0.325552	2.24091	0.0372963	0.302822	0.50227	-0.273521	-0.000112534	6.79975	0.214437	0.00622177	-0.0142002	-1.38651	0.107523	0.300568	-0.377447	
-2.08886	0.76059	-0.204304	7.99836	-0.00359726	-0.0722065	-0.425499	-0.0769825	-0.121792	-1.2179	-3.8157	1.95729	1.6117	-0.0472393	0.0080452	0.344299	0.505285	2.84133	-0.0145798	0.502192	0.0687828	0.0418816	-1.37899	20.6839	0.506784	0.316086	2.23514	0.0565434	0.270258	0.497128	-0.274277	-0.000125885	6.79846	0.217419	0.00566292	-0.0129566	-1.38656	0.107599	0.324671	-0.38669	
-2.08694	0.77351	-0.202572	7.9997	-0.00360298	-0.0721836	-0.422949	-0.0770969	-0.121046	-1.20492	-3.82707	1.95455	1.61537	-0.0476742	0.00792694	0.34734	0.500919	2.84295	-0.0130043	0.493002	0.062294	0.0323715	-1.37135	20.6834	0.510494	0.334146	2.23457	0.0486698	0.266912	0.516693	-0.279512	-0.000116348	6.79063	0.215321	0.00681496	-0.0131207	-1.38616	0.105862	0.318108	-0.398556	
-2.08882	0.758469	-0.204273	7.9983	-0.00363541	-0.0720806	-0.42296	-0.0769711	-0.120762	-1.21513	-3.81409	1.9582	1.61334	-0.0461636	0.00826836	0.346502	0.494385	2.84311	-0.0144482	0.503725	0.0625572	0.0325279	-1.37774	20.6834	0.50873	0.31719	2.2373	0.04599	0.272007	0.497292	-0.277063	-0.000123978	6.79983	0.221254	0.00559807	-0.0132027	-1.37533	0.094038	0.333073	-0.382788	
-2.08879	0.761293	-0.203852	7.99832	-0.00365257	-0.0720654	-0.424915	-0.0769253	-0.122789	-1.21597	-3.81555	1.95896	1.61337	-0.0471115	0.00775146	0.34276	0.508459	2.84002	-0.012989	0.504721	0.065134	0.0338192	-1.36728	20.6841	0.510302	0.318985	2.23808	0.0494862	0.272652	0.496807	-0.278631	-0.000123978	6.79747	0.202673	-0.000806808	-0.0134983	-1.38531	0.091589	0.346769	-0.382225	
-2.08786	0.759184	-0.203913	7.99925	-0.00359344	-0.0718384	-0.425133	-0.076889	-0.122236	-1.21902	-3.81571	1.9563	1.62235	-0.0472584	0.00870705	0.343182	0.504282	2.84135	-0.0138893	0.501726	0.0624886	0.0334911	-1.37909	20.6845	0.506117	0.315212	2.23592	0.0463295	0.290142	0.497782	-0.286093	-0.000125885	6.79786	0.217823	0.00722885	-0.0130692	-1.38685	0.105844	0.323669	-0.377697	
-2.0885	0.76119	-0.204655	7.99872	-0.00365448	-0.0722523	-0.42555	-0.0769749	-0.121391	-1.21754	-3.81534	1.95766	1.61207	-0.0469875	0.0057373	0.343441	0.50486	2.84169	-0.0141029	0.502554	0.0639439	0.0320816	-1.36863	20.6843	0.507143	0.315086	2.2355	0.0471535	0.270617	0.517488	-0.27429	-0.000127792	6.78832	0.217129	0.00824738	-0.0129223	-1.38687	0.106113	0.325979	-0.386333	
-2.08879	0.759844	-0.204222	7.99843	-0.00356483	-0.0719051	-0.425776	-0.0769958	-0.12159	-1.21782	-3.81563	1.95737	1.61178	-0.0468884	0.0105858	0.344234	0.515705	2.8414	-0.0146046	0.502268	0.0638618	0.0317593	-1.36892	20.684	0.506857	0.316158	2.23521	0.0471172	0.270329	0.4972	-0.275568	-0.000127792	6.79853	0.217627	0.00771904	-0.0130424	-1.38651	0.106009	0.325691	-0.386616	
-2.08877	0.76092	-0.204397	7.99845	-0.00362968	-0.0722542	-0.425381	-0.0769711	-0.121967	-1.21781	-3.81561	1.95739	1.61179	-0.0473557	0.00788689	0.343681	0.525719	2.84142	-0.0149479	0.502281	0.0640507	0.0370369	-1.3689	20.684	0.506872	0.316174	2.23523	0.0453873	0.270346	0.497217	-0.275499	-0.000120163	6.79855	0.2173	0.00729179	-0.0130157	-1.39656	0.106224	0.325706	-0.386602	
-2.08911	0.760586	-0.204	7.99811	-0.00363541	-0.0720005	-0.42522	-0.0770626	-0.12137	-1.21815	-3.81595	1.95705	1.61146	-0.046957	0.00325775	0.344519	0.505383	2.84108	-0.0143757	0.501947	0.0613079	0.0320148	-1.36924	20.6837	0.506536	0.315838	2.24489	0.0460911	0.27001	0.496883	-0.274302	-0.0001297	6.79821	0.218225	0.00876999	-0.0127678	-1.3864	0.107821	0.335371	-0.386938	
-2.08938	0.760187	-0.204193	7.99784	-0.00362015	-0.0721722	-0.423281	-0.0766983	-0.121426	-1.21841	-3.81622	1.95678	1.61119	-0.0472794	0.00818825	0.344246	0.505112	2.84081	-0.0142803	0.521675	0.0633278	0.0320206	-1.37951	20.6834	0.506266	0.315567	2.23462	0.0462856	0.269739	0.496613	-0.274864	-0.0001297	6.79794	0.217405	0.00849724	-0.0129147	-1.38667	0.107655	0.324583	-0.377205	
-2.08952	0.759924	-0.204462	7.99771	-0.0036068	-0.0721016	-0.425816	-0.0773163	-0.124149	-1.21855	-3.81635	1.95664	1.61105	-0.0472164	0.00784111	0.34411	0.504978	2.84067	-0.0144482	0.501541	0.0640984	0.031601	-1.37964	20.6833	0.50613	0.355436	2.23449	0.0463123	0.269604	0.496477	-0.274921	-0.0001297	6.7978	0.217546	0.00794411	-0.0130501	-1.38681	0.107145	0.324966	-0.387344	
-2.08899	0.759098	-0.203947	7.99867	-0.00359917	-0.0720177	-0.425322	-0.0770569	-0.121412	-1.21802	-3.81662	1.95325	1.61034	-0.0472965	0.00797653	0.35482	0.502598	2.84196	-0.0140152	0.502251	0.068079	0.0329132	-1.35784	20.6832	0.504995	0.314585	2.23495	0.0431614	0.280264	0.495932	-0.273613	-0.000127792	6.7965	0.215408	0.00757217	-0.0128593	-1.38822	0.106808	0.324354	-0.386797	
-2.08384	0.752472	-0.205759	8.00167	-0.00357056	-0.0718937	-0.424948	-0.0769005	-0.12048	-1.23362	-3.81292	1.959	1.61425	-0.0457306	0.00962067	0.348919	0.508574	2.84446	-0.0130386	0.507217	0.0664272	0.0318012	-1.37396	20.6869	0.509451	0.32111	2.23805	0.0447903	0.275282	0.49939	-0.278421	-0.000118256	6.80085	0.21756	0.0039711	-0.0129948	-1.38139	0.103006	0.304674	-0.383202	
-2.08689	0.762712	-0.204124	8.00029	-0.00366974	-0.0722027	-0.422298	-0.07687	-0.120842	-1.21558	-3.81371	1.95961	1.61402	-0.0461159	0.00719261	0.346151	0.507687	2.84364	-0.0122528	0.504509	0.0636539	0.0323982	-1.37667	20.6862	0.5091	0.318401	2.23745	0.0357265	0.272573	0.499445	-0.274969	-0.000135422	6.80077	0.208447	0.00546265	-0.0128651	-1.39461	0.10581	0.325766	-0.384377	
-2.08981	0.761515	-0.206402	7.99642	-0.00363541	-0.072134	-0.42742	-0.0769901	-0.119965	-1.21704	-3.81711	1.95588	1.61045	-0.0460243	0.00658989	0.344479	0.505604	2.84166	-0.0162487	0.50172	0.0657043	0.0328274	-1.38084	20.6843	0.50392	0.342585	2.2306	0.0413723	0.293268	0.486563	-0.275143	-0.000123978	6.79596	0.235197	0.000610352	-0.0127144	-1.38571	0.104679	0.325691	-0.388376	
-2.08816	0.761322	-0.2045	7.99907	-0.0036335	-0.0722198	-0.425964	-0.0770111	-0.121485	-1.20719	-3.81499	1.958	1.62241	-0.0469208	0.00762367	0.34547	0.506338	2.84203	-0.013773	0.502899	0.0630207	0.0315151	-1.37828	20.6846	0.50749	0.316792	2.23585	0.0470886	0.270964	0.497835	-0.275192	-0.000131607	6.79916	0.197636	0.0070343	-0.0131092	-1.38756	0.106085	0.336327	-0.385984	
-2.08675	0.763739	-0.206808	8.00213	-0.00339699	-0.0719967	-0.428215	-0.0770264	-0.123642	-1.18726	-3.81739	1.95804	1.61211	-0.0494576	0.00600052	0.356667	0.483255	2.84304	-0.00926208	0.504313	0.0623951	0.0325775	-1.36663	20.6887	0.502363	0.316978	2.23833	0.0385647	0.280153	0.493763	-0.269487	-0.000139236	6.79989	0.210423	-0.00198746	-0.0127583	-1.39007	0.105345	0.327526	-0.393337	
-2.08722	0.760216	-0.203178	7.99834	-0.0036602	-0.0724525	-0.420013	-0.0768547	-0.122196	-1.21565	-3.85268	1.96141	1.61598	-0.0462627	0.00922775	0.346788	0.506779	2.85448	-0.012907	0.508221	0.0639458	0.0371151	-1.35205	20.6852	0.507938	0.315086	2.23795	0.0416336	0.271303	0.48254	-0.281275	-0.000116348	6.79834	0.214993	-0.000925064	-0.0137768	-1.38177	0.108671	0.326012	-0.382639	
-2.08638	0.749525	-0.205343	8.00084	-0.00358772	-0.0715923	-0.426811	-0.0769806	-0.121685	-1.21542	-3.81322	1.95978	1.61418	-0.046011	0.00761986	0.345509	0.506475	2.84381	-0.0142746	0.504671	0.0623188	0.0333023	-1.37651	20.6864	0.509266	0.297815	2.23762	0.0427303	0.272739	0.499611	-0.274328	-0.000125885	6.80094	0.218279	0.00623894	-0.0132103	-1.36525	0.106375	0.317596	-0.384209	
-2.09326	0.751415	-0.205688	7.98375	-0.00372505	-0.0710716	-0.424873	-0.0770359	-0.120049	-1.20461	-3.81067	1.94781	1.61021	-0.0440102	0.00502777	0.336557	0.50037	2.84594	-0.0161171	0.501221	0.0605717	0.0376701	-1.37243	20.6923	0.498198	0.333164	2.24157	0.0187035	0.327213	0.496265	-0.274954	-0.000116348	6.78966	0.218502	0.00480461	-0.0145931	-1.39604	0.110298	0.323004	-0.385807	
-2.08007	0.759619	-0.204828	8.01715	-0.0036068	-0.0720787	-0.425764	-0.0770397	-0.122015	-1.21911	-3.81691	1.95608	1.61049	-0.0474873	0.00794983	0.343552	0.504417	2.84011	-0.0117912	0.500982	0.0631199	0.0314064	-1.3802	20.6827	0.505571	0.314873	2.23392	0.0460396	0.269045	0.505917	-0.275267	-0.000127792	6.79725	0.217588	0.00774765	-0.0129433	-1.38737	0.106964	0.324406	-0.377903	
-2.09787	0.762489	-0.204998	7.99701	-0.00358009	-0.0720196	-0.425972	-0.076992	-0.124352	-1.2178	-3.81605	1.95796	1.61173	-0.0486031	0.00770187	0.335649	0.509876	2.84081	-0.0137939	0.503656	0.0697193	0.0378799	-1.36334	20.683	0.507061	0.323772	2.23405	0.0453129	0.275421	0.495657	-0.27693	-0.000120163	6.81759	0.217875	0.00430489	-0.0130558	-1.3845	0.105202	0.324932	-0.397314	
-2.08896	0.760729	-0.204081	7.99826	-0.0036087	-0.07197	-0.425213	-0.0770416	-0.121267	-1.218	-3.8158	1.9572	1.6116	-0.0470161	0.00819778	0.344662	0.505529	2.84122	-0.00937653	0.502092	0.0587311	0.0321617	-1.37909	20.6838	0.506681	0.315983	2.24504	0.0471497	0.280155	0.497026	-0.274157	-0.0001297	6.79836	0.217621	0.00802612	-0.0129433	-1.38626	0.107281	0.325518	-0.386793	
-2.08727	0.763119	-0.20528	7.99956	-0.00364685	-0.0719967	-0.425074	-0.076849	-0.122631	-1.21551	-3.81286	1.95963	1.61455	-0.0468273	0.00742531	0.344984	0.507998	2.84417	-0.0124283	0.494534	0.0650883	0.0307693	-1.37641	20.6868	0.509626	0.328926	2.23798	0.0406742	0.2731	0.498943	-0.273106	-0.000135422	6.8013	0.198925	0.00469589	-0.0127659	-1.38614	0.105736	0.324492	-0.38567	
-2.09013	0.760496	-0.204132	7.99614	-0.00368881	-0.071888	-0.42515	-0.0768909	-0.120203	-1.21545	-3.81607	1.95938	1.61338	-0.0456066	0.00737381	0.344664	0.504829	2.84139	-0.0132351	0.501881	0.063427	0.0326862	-1.38037	20.6842	0.506718	0.319279	2.23811	0.0458012	0.273506	0.498638	-0.272221	-0.000112534	6.79873	0.238365	-0.00743294	-0.012619	-1.38915	0.105104	0.325085	-0.38373	
-2.09724	0.737192	-0.196037	8.07838	-0.00430298	-0.0740776	-0.421076	-0.0774727	-0.12104	-1.21686	-3.83432	1.95281	1.62354	-0.0404377	0.00617218	0.343916	0.475687	2.89704	-0.0104504	0.513063	0.0822029	0.052187	-1.38649	20.6865	0.493437	0.246912	2.24892	0.0414066	0.160881	0.516932	-0.265039	-0.000144958	6.78115	0.225489	0.00546837	-0.01544	-1.39145	0.113813	0.333416	-0.345301	
-2.08886	0.764753	-0.203506	7.99907	-0.0036602	-0.0722275	-0.424635	-0.077034	-0.125101	-1.21462	-3.82168	1.94929	1.61414	-0.0466747	0.00728989	0.343479	0.508209	2.86407	-0.0160923	0.50317	0.071003	0.0299873	-1.37666	20.6865	0.507645	0.31802	2.23775	0.0350647	0.273115	0.497467	-0.275854	-0.000110626	6.80117	0.21489	0.00241852	-0.0131512	-1.38482	0.105976	0.326672	-0.387054	
-2.08766	0.759743	-0.204596	7.99967	-0.00355339	-0.0719223	-0.425877	-0.0768738	-0.120134	-1.2179	-3.81556	1.95666	1.61156	-0.0462246	0.008358	0.357038	0.503704	2.8419	-0.00963211	0.504076	0.0626926	0.0331249	-1.37044	20.6843	0.506319	0.314842	2.23734	0.0438309	0.271475	0.499077	-0.271172	-0.000133514	6.79741	0.215597	0.00451851	-0.0124722	-1.37729	0.107237	0.306633	-0.384762	
-2.08884	0.760849	-0.204998	7.99838	-0.00362587	-0.0722275	-0.426174	-0.0769463	-0.122265	-1.21788	-3.81568	1.95731	1.61172	-0.0474663	0.00774193	0.344782	0.50565	2.84134	-0.0136623	0.502213	0.063076	0.0312653	-1.35897	20.6839	0.506802	0.326103	2.23516	0.0467072	0.270275	0.497147	-0.275181	-0.000133514	6.79848	0.217325	0.0113449	-0.0130615	-1.38614	0.108379	0.315136	-0.386673	
-2.08995	0.759159	-0.204599	8.01727	-0.0036068	-0.0720539	-0.425844	-0.0770397	-0.121687	-1.21899	-3.81679	1.9562	1.61061	-0.0473461	0.00803947	0.343672	0.504536	2.84023	-0.0142002	0.501099	0.0633507	0.0313549	-1.37008	20.6828	0.505692	0.314993	2.25405	0.0456848	0.269165	0.496037	-0.275146	-0.000127792	6.79737	0.217176	0.00779152	-0.0129395	-1.38725	0.10689	0.324524	-0.387783	
-2.08931	0.759186	-0.204166	8.00791	-0.00358963	-0.0719585	-0.425568	-0.0770378	-0.121418	-1.21835	-3.81615	1.95685	1.61126	-0.0476704	0.00813103	0.354317	0.504919	2.84088	-0.0145588	0.501745	0.0630627	0.0367756	-1.37944	20.6835	0.506334	0.315636	2.23469	0.0464916	0.289808	0.496681	-0.285002	-0.0001297	6.79801	0.216713	0.00776863	-0.0129852	-1.38695	0.107542	0.324881	-0.387138	
-2.08983	0.758869	-0.21195	7.99906	-0.00350571	-0.0714512	-0.422997	-0.0771999	-0.122786	-1.22085	-3.81604	1.95508	1.61158	-0.0487289	0.00726509	0.341047	0.507332	2.86207	-0.0169277	0.502724	0.0660152	0.0348587	-1.38089	20.6824	0.504744	0.313538	2.23547	0.044096	0.269043	0.496656	-0.276245	-8.96454e-05	6.79758	0.218012	0.00961304	-0.0134125	-1.3846	0.107258	0.343649	-0.378765	
-2.08742	0.760872	-0.204332	7.9998	-0.00360298	-0.0719776	-0.424158	-0.0770092	-0.123402	-1.21646	-3.81426	1.95785	1.61315	-0.04702	0.00744438	0.343788	0.507071	2.84277	-0.0117493	0.503635	0.0635757	0.0331001	-1.37755	20.6854	0.508224	0.317526	2.23658	0.0455933	0.281698	0.498569	-0.273479	-0.000135422	6.79886	0.212477	0.00684166	-0.0127583	-1.38622	0.105824	0.316221	-0.385561	
-2.10147	0.764156	-0.204426	7.98684	-0.00374222	-0.0724297	-0.422138	-0.0771236	-0.121735	-1.21213	-3.81658	1.96962	1.62411	-0.0469627	0.00109291	0.33815	0.480783	2.84471	-0.0104313	0.496582	0.060873	0.0320415	-1.36111	20.6807	0.504745	0.31912	2.23834	0.0364113	0.286695	0.508297	-0.277542	-0.000137329	6.7873	0.226631	-0.00437737	-0.0125675	-1.36115	0.0951042	0.335533	-0.3825	
-2.09074	0.752037	-0.20458	8.00915	-0.0036602	-0.0715923	-0.426079	-0.0771084	-0.121052	-1.19841	-3.81519	1.95745	1.61033	-0.046196	0.00649452	0.343796	0.505651	2.8393	-0.0125084	0.502602	0.0655098	0.0310822	-1.36792	20.6833	0.506075	0.31551	2.23395	0.0436058	0.269884	0.494833	-0.276085	-0.000116348	6.79661	0.217646	0.0069828	-0.0131474	-1.38583	0.10598	0.323515	-0.378803	
-2.08701	0.760107	-0.205318	8.00021	-0.00364304	-0.0720062	-0.426939	-0.0769672	-0.12285	-1.21604	-3.81385	1.95915	1.61356	-0.0464935	0.00734711	0.325356	0.507481	2.85318	-0.0144825	0.504044	0.0651073	0.0318642	-1.36714	20.6858	0.508635	0.317936	2.23699	0.0472984	0.272108	0.498981	-0.276552	-0.0001297	6.81031	0.216738	0.00665474	-0.0132656	-1.3843	0.105587	0.306719	-0.384836	
-2.07786	0.759741	-0.204918	7.99936	-0.00358391	-0.0721588	-0.425753	-0.0769386	-0.12221	-1.21744	-3.8147	1.95769	1.6127	-0.0476227	0.00865173	0.343527	0.495344	2.84233	-0.0144081	0.513191	0.0629311	0.0328159	-1.37799	20.6849	0.507208	0.317083	2.23614	0.0449791	0.271255	0.498129	-0.275307	-0.000127792	6.79946	0.217152	0.00642776	-0.0130043	-1.38515	0.107433	0.326616	-0.385693	
-2.08812	0.757748	-0.202137	7.99782	-0.00366592	-0.0714455	-0.423706	-0.0769386	-0.120684	-1.21458	-3.8137	1.96104	1.61324	-0.0453434	0.00859261	0.345989	0.509153	2.8431	-0.0130196	0.505173	0.0655689	0.0308228	-1.37584	20.6865	0.503744	0.309195	2.23735	0.0322933	0.274139	0.498409	-0.27527	-0.0001297	6.79768	0.239573	0.00514412	-0.0134869	-1.38542	0.105604	0.327635	-0.403309	
-2.07861	0.758368	-0.207785	8.00007	-0.00362587	-0.0711079	-0.427448	-0.0769749	-0.123913	-1.21449	-3.81161	1.95332	1.61408	-0.0448475	0.00880051	0.331774	0.505232	2.84358	-0.0127544	0.502371	0.0635338	0.0326939	-1.37835	20.6865	0.509144	0.314072	2.25768	0.0413761	0.277622	0.500784	-0.273676	-0.000110626	6.80993	0.213873	0.00555801	-0.0132313	-1.38642	0.106916	0.322092	-0.386032	
-2.0896	0.759481	-0.204033	8.00763	-0.00359344	-0.0719051	-0.425461	-0.0770283	-0.121557	-1.21863	-3.81643	1.95656	1.62097	-0.0474072	0.00784302	0.344034	0.504898	2.8406	-0.0144348	0.501461	0.0636806	0.0316639	-1.37972	20.6832	0.506054	0.315355	2.23441	0.0458641	0.289528	0.496397	-0.275047	-0.0001297	6.79773	0.217234	0.00810814	-0.0135307	-1.38688	0.107214	0.324886	-0.387423	
-2.06379	0.763729	-0.206099	7.92612	-0.00388718	-0.0710735	-0.404158	-0.0769043	-0.135458	-1.21138	-3.79253	1.94996	1.61584	-0.0245571	0.00244904	0.33672	0.507242	2.86347	-0.0102921	0.502634	0.0701523	0.0444603	-1.37973	20.686	0.501322	0.290129	2.23319	0.0122128	0.27356	0.524178	-0.273521	-0.000131607	6.81322	0.208086	0.00424385	-0.0158024	-1.39384	0.110527	0.350143	-0.413958	
-2.08268	0.72541	-0.208719	7.9944	-0.00376511	-0.0702705	-0.420963	-0.0770741	-0.117653	-1.21102	-3.81278	1.96602	1.60388	-0.0408154	0.00826454	0.349623	0.529316	2.83834	-0.00793076	0.510561	0.0581779	0.0346699	-1.36938	20.683	0.498646	0.311775	2.24701	0.0162601	0.303637	0.492315	-0.278309	-0.000150681	6.80062	0.212477	0.00609589	-0.0137901	-1.3904	0.107384	0.321705	-0.383509	
-2.09121	0.758192	-0.203613	8.00641	-0.00358582	-0.0715981	-0.42491	-0.0770569	-0.121872	-1.2169	-3.81594	1.95619	1.61123	-0.0464287	0.00808907	0.3414	0.502487	2.84112	-0.0133877	0.500853	0.0611515	0.0348587	-1.37544	20.6825	0.50952	0.311125	2.2371	0.0513096	0.265301	0.53931	-0.282049	-0.000133514	6.79272	0.213402	0.00720024	-0.0140553	-1.3849	0.107065	0.325207	-0.388058	
-2.08684	0.760891	-0.205627	8.00039	-0.00362015	-0.0716267	-0.426975	-0.0770512	-0.122429	-1.21587	-3.81368	1.95932	1.61373	-0.0461178	0.00697708	0.324303	0.507654	2.84335	-0.0138206	0.504217	0.0655193	0.0311832	-1.36696	20.6859	0.508808	0.31811	2.23716	0.04673	0.272282	0.519154	-0.276293	-0.000123978	6.79806	0.216173	0.00837708	-0.0131016	-1.38413	0.105211	0.325317	-0.405416	
-2.08833	0.758738	-0.204975	7.99889	-0.0036068	-0.0718384	-0.425856	-0.0770397	-0.123301	-1.21737	-3.81517	1.95782	1.61223	-0.0467854	0.00782776	0.343443	0.506159	2.84186	-0.0140896	0.512724	0.0642529	0.0317612	-1.37846	20.6844	0.507315	0.316616	2.25567	0.044817	0.270788	0.497658	-0.273525	-0.000127792	6.78824	0.217501	0.00814056	-0.0127907	-1.38783	0.106871	0.324181	-0.386162	
-2.0917	0.758516	-0.203503	7.99728	-0.00366974	-0.0720139	-0.425308	-0.0769787	-0.121561	-1.21701	-3.81576	1.95874	1.61243	-0.046566	0.00836945	0.33761	0.507318	2.83984	-0.0156384	0.503923	0.0647812	0.0332088	-1.37623	20.6842	0.507605	0.318455	2.23247	0.0324497	0.302792	0.497589	-0.277252	-0.000110626	6.79646	0.217777	0.00765991	-0.0131264	-1.38272	0.106855	0.328194	-0.383778	
-2.09221	0.759243	-0.203106	8.00009	-0.00354767	-0.0714207	-0.419147	-0.0768127	-0.122667	-1.21177	-3.8367	1.95688	1.61268	-0.0438309	0.00942421	0.333731	0.513893	2.84069	-0.0135422	0.511076	0.0657234	0.0358715	-1.35037	20.6868	0.504419	0.317785	2.23455	0.0362072	0.288752	0.493246	-0.303415	-0.000118256	6.79527	0.217947	0.009161	-0.0130577	-1.38431	0.105679	0.330582	-0.384071	
-2.08883	0.758862	-0.204403	7.99974	-0.00359535	-0.071825	-0.425741	-0.0770226	-0.123663	-1.21523	-3.81247	1.95747	1.61825	-0.0456333	0.00662422	0.326777	0.510939	2.83997	-0.014225	0.506588	0.0673447	0.0300579	-1.38011	20.6867	0.507458	0.321257	2.23934	0.0431461	0.275333	0.511124	-0.277433	-0.000123978	6.79898	0.21686	-0.00621033	-0.0131493	-1.37667	0.105841	0.339504	-0.402348	
-2.08606	0.758892	-0.204111	7.99093	-0.00360298	-0.0713654	-0.42449	-0.077055	-0.120605	-1.21737	-3.81302	1.95844	1.61449	-0.0458908	0.00762749	0.346603	0.505056	2.84409	-0.0139484	0.504759	0.0628357	0.0324612	-1.36789	20.6866	0.50915	0.318699	2.23789	0.0470943	0.27326	0.499865	-0.275587	-0.000141144	6.80099	0.199139	-0.00611877	-0.0131531	-1.38391	0.110577	0.327364	-0.384033	
-2.08843	0.76062	-0.204973	7.99879	-0.00363541	-0.0719185	-0.42622	-0.0769672	-0.120953	-1.21746	-3.81527	1.95773	1.61214	-0.0464668	0.00839806	0.345198	0.516064	2.84176	-0.0149574	0.512629	0.0646076	0.0305214	-1.37856	20.6843	0.507219	0.316519	2.25557	0.0450382	0.270691	0.497562	-0.275337	-0.000127792	6.79889	0.216585	0.00690269	-0.012928	-1.38777	0.105877	0.305302	-0.386257	
-2.08038	0.759312	-0.204487	8.00684	-0.00361061	-0.0721092	-0.425932	-0.0770321	-0.121735	-1.21942	-3.81722	1.95578	1.61019	-0.0474777	0.00798607	0.343245	0.50411	2.83981	-0.0142651	0.500673	0.0634918	0.0310993	-1.35051	20.6824	0.505264	0.314566	2.23362	0.0457306	0.278736	0.495609	-0.275574	-0.000127792	6.79694	0.217281	0.00771523	-0.012928	-1.38767	0.106916	0.324099	-0.38821	
-2.07834	0.758499	-0.204994	7.99048	-0.00350571	-0.0723724	-0.424122	-0.0767422	-0.122292	-1.21972	-3.81667	1.95566	1.61188	-0.0479603	0.00475693	0.351509	0.531309	2.84218	-0.0105972	0.499903	0.0583534	0.0351372	-1.35598	20.6837	0.505407	0.309832	2.23402	0.0451603	0.265898	0.499136	-0.27594	-0.000144958	6.79707	0.214258	0.00728798	-0.0129356	-1.39167	0.105978	0.322689	-0.38442	
-2.08957	0.760122	-0.201962	7.99765	-0.00362778	-0.0721226	-0.425608	-0.0770149	-0.121204	-1.21861	-3.81641	1.95659	1.611	-0.0446548	0.00785446	0.354055	0.504921	2.84062	-0.0144215	0.501484	0.0640125	0.033926	-1.3597	20.6832	0.506075	0.315376	2.23443	0.0465412	0.269548	0.49642	-0.274763	-0.000127792	6.79775	0.217817	0.00766754	-0.0128613	-1.38686	0.106855	0.324909	-0.3874	
