X	Q2	theory
0.001	1.30001	0.364112	
0.00416757	1.30001	0.315154	
0.00732515	1.30001	0.300431	
0.0104728	1.30001	0.292892	
0.0136105	1.30001	0.28834	
0.0167385	1.30001	0.285938	
0.0198567	1.30001	0.284787	
0.0229652	1.30001	0.284868	
0.026064	1.30001	0.28518	
0.0291533	1.30001	0.286135	
0.0322331	1.30001	0.287473	
0.0353034	1.30001	0.288997	
0.0383643	1.30001	0.290759	
0.0414159	1.30001	0.292504	
0.0444582	1.30001	0.294452	
0.0474913	1.30001	0.296489	
0.0505152	1.30001	0.298128	
0.0535299	1.30001	0.300011	
0.0565357	1.30001	0.301872	
0.0595324	1.30001	0.303608	
0.0625201	1.30001	0.30527	
0.065499	1.30001	0.306839	
0.068469	1.30001	0.308382	
0.0714302	1.30001	0.309819	
0.0743827	1.30001	0.31114	
0.0773265	1.30001	0.312528	
0.0802616	1.30001	0.313696	
0.0831882	1.30001	0.314646	
0.0861062	1.30001	0.315692	
0.0890157	1.30001	0.316641	
0.0919168	1.30001	0.317546	
0.0948095	1.30001	0.318389	
0.0976938	1.30001	0.31918	
0.10057	1.30001	0.319916	
0.103438	1.30001	0.320593	
0.106297	1.30001	0.321223	
0.109149	1.30001	0.321796	
0.111992	1.30001	0.322316	
0.114827	1.30001	0.322777	
0.117655	1.30001	0.323383	
0.120474	1.30001	0.323595	
0.123285	1.30001	0.323961	
0.126089	1.30001	0.324294	
0.128884	1.30001	0.324609	
0.131672	1.30001	0.32493	
0.134452	1.30001	0.325276	
0.137225	1.30001	0.32555	
0.139989	1.30001	0.325717	
0.142747	1.30001	0.326784	
0.145496	1.30001	0.325966	
0.148238	1.30001	0.326072	
0.150973	1.30001	0.326328	
0.1537	1.30001	0.326351	
0.156419	1.30001	0.326191	
0.159131	1.30001	0.326181	
0.161836	1.30001	0.326141	
0.164534	1.30001	0.326058	
0.167224	1.30001	0.325956	
0.169907	1.30001	0.325835	
0.172583	1.30001	0.32563	
0.175252	1.30001	0.325498	
0.177914	1.30001	0.325279	
0.180569	1.30001	0.325047	
0.183216	1.30001	0.324793	
0.185857	1.30001	0.324509	
0.18849	1.30001	0.324182	
0.191117	1.30001	0.323834	
0.193737	1.30001	0.323477	
0.19635	1.30001	0.323101	
0.198956	1.30001	0.322687	
0.201556	1.30001	0.322231	
0.204148	1.30001	0.321742	
0.206734	1.30001	0.321247	
0.209314	1.30001	0.320793	
0.211886	1.30001	0.320253	
0.214452	1.30001	0.319684	
0.217012	1.30001	0.319071	
0.219565	1.30001	0.318443	
0.222111	1.30001	0.317804	
0.224651	1.30001	0.317099	
0.227185	1.30001	0.316421	
0.229712	1.30001	0.315715	
0.232233	1.30001	0.314973	
0.234747	1.30001	0.314208	
0.237256	1.30001	0.313431	
0.239758	1.30001	0.31264	
0.242253	1.30001	0.311843	
0.244743	1.30001	0.311014	
0.247226	1.30001	0.310159	
0.249703	1.30001	0.309271	
0.252174	1.30001	0.308366	
0.254639	1.30001	0.307449	
0.257098	1.30001	0.306868	
0.25955	1.30001	0.305584	
0.261997	1.30001	0.304622	
0.264438	1.30001	0.303645	
0.266873	1.30001	0.302418	
0.269302	1.30001	0.301396	
0.271725	1.30001	0.300566	
0.274142	1.30001	0.299513	
0.276553	1.30001	0.298448	
0.278959	1.30001	0.297372	
0.281359	1.30001	0.29628	
0.283753	1.30001	0.295175	
0.286141	1.30001	0.29406	
0.288524	1.30001	0.292917	
0.290901	1.30001	0.29176	
0.293272	1.30001	0.290594	
0.295638	1.30001	0.289419	
0.297998	1.30001	0.288236	
0.300353	1.30001	0.287043	
0.302702	1.30001	0.285839	
0.305045	1.30001	0.284622	
0.307384	1.30001	0.283397	
0.309716	1.30001	0.282158	
0.312043	1.30001	0.280907	
0.314365	1.30001	0.279828	
0.316682	1.30001	0.27839	
0.318993	1.30001	0.277119	
0.321298	1.30001	0.275841	
0.323599	1.30001	0.274557	
0.325894	1.30001	0.273267	
0.328184	1.30001	0.27197	
0.330469	1.30001	0.270668	
0.332748	1.30001	0.269358	
0.335022	1.30001	0.268042	
0.337292	1.30001	0.26672	
0.339556	1.30001	0.265394	
0.341814	1.30001	0.264067	
0.344068	1.30001	0.262733	
0.346317	1.30001	0.261396	
0.348561	1.30001	0.260056	
0.350799	1.30001	0.258714	
0.353033	1.30001	0.257368	
0.355262	1.30001	0.256021	
0.357485	1.30001	0.254672	
0.359704	1.30001	0.253321	
0.361918	1.30001	0.251969	
0.364127	1.30001	0.250616	
0.366331	1.30001	0.249261	
0.36853	1.30001	0.247904	
0.370725	1.30001	0.246546	
0.372914	1.30001	0.245187	
0.375099	1.30001	0.243829	
0.377279	1.30001	0.242471	
0.379454	1.30001	0.241113	
0.381625	1.30001	0.239757	
0.383791	1.30001	0.238401	
0.385952	1.30001	0.237048	
0.388109	1.30001	0.235696	
0.390261	1.30001	0.234347	
0.392408	1.30001	0.233001	
0.394551	1.30001	0.231654	
0.396689	1.30001	0.230309	
0.398822	1.30001	0.228965	
0.400951	1.30001	0.227623	
0.403076	1.30001	0.226283	
0.405196	1.30001	0.224945	
0.407311	1.30001	0.223609	
0.409423	1.30001	0.222276	
0.411529	1.30001	0.220947	
0.413631	1.30001	0.219622	
0.415729	1.30001	0.2183	
0.417822	1.30001	0.216983	
0.419911	1.30001	0.215671	
0.421996	1.30001	0.214364	
0.424076	1.30001	0.213064	
0.426152	1.30001	0.211766	
0.428224	1.30001	0.210471	
0.430291	1.30001	0.20918	
0.432355	1.30001	0.207891	
0.434413	1.30001	0.206606	
0.436468	1.30001	0.205325	
0.438519	1.30001	0.204048	
0.440565	1.30001	0.202775	
0.442607	1.30001	0.201506	
0.444645	1.30001	0.200243	
0.446679	1.30001	0.198984	
0.448708	1.30001	0.197738	
0.450734	1.30001	0.19649	
0.452755	1.30001	0.195249	
0.454773	1.30001	0.194015	
0.456786	1.30001	0.192787	
0.458795	1.30001	0.191561	
0.4608	1.30001	0.190349	
0.462801	1.30001	0.189141	
0.464799	1.30001	0.187937	
0.466792	1.30001	0.186737	
0.468781	1.30001	0.185541	
0.470766	1.30001	0.184346	
0.472748	1.30001	0.183159	
0.474725	1.30001	0.181977	
0.476699	1.30001	0.1808	
0.478669	1.30001	0.179629	
0.480634	1.30001	0.178463	
0.482596	1.30001	0.177303	
0.484554	1.30001	0.176149	
0.486509	1.30001	0.175001	
0.488459	1.30001	0.17386	
0.490406	1.30001	0.172725	
0.492349	1.30001	0.171597	
0.494288	1.30001	0.170477	
0.496223	1.30001	0.169364	
0.498155	1.30001	0.168259	
0.500083	1.30001	0.167163	
0.502007	1.30001	0.166076	
0.503927	1.30001	0.164992	
0.505844	1.30001	0.163913	
0.507757	1.30001	0.162838	
0.509667	1.30001	0.161768	
0.511573	1.30001	0.160704	
0.513475	1.30001	0.159644	
0.515373	1.30001	0.158589	
0.517269	1.30001	0.157539	
0.51916	1.30001	0.1565	
0.521048	1.30001	0.155462	
0.522932	1.30001	0.154429	
0.524813	1.30001	0.153403	
0.52669	1.30001	0.152382	
0.528564	1.30001	0.151368	
0.530434	1.30001	0.150356	
0.532301	1.30001	0.149354	
0.534164	1.30001	0.148359	
0.536024	1.30001	0.147371	
0.53788	1.30001	0.14639	
0.539733	1.30001	0.145417	
0.541582	1.30001	0.144451	
0.543428	1.30001	0.143493	
0.545271	1.30001	0.142543	
0.54711	1.30001	0.141603	
0.548946	1.30001	0.140668	
0.550779	1.30001	0.139737	
0.552608	1.30001	0.138811	
0.554434	1.30001	0.137889	
0.556256	1.30001	0.136972	
0.558075	1.30001	0.13606	
0.559891	1.30001	0.135152	
0.561704	1.30001	0.13425	
0.563513	1.30001	0.133353	
0.565319	1.30001	0.132461	
0.567122	1.30001	0.131574	
0.568922	1.30001	0.130693	
0.570718	1.30001	0.129817	
0.572511	1.30001	0.128946	
0.574301	1.30001	0.128081	
0.576087	1.30001	0.127221	
0.577871	1.30001	0.126368	
0.579651	1.30001	0.12552	
0.581428	1.30001	0.124678	
0.583202	1.30001	0.123842	
0.584973	1.30001	0.123011	
0.586741	1.30001	0.122187	
0.588506	1.30001	0.12137	
0.590267	1.30001	0.120559	
0.592025	1.30001	0.119755	
0.593781	1.30001	0.118957	
0.595533	1.30001	0.118166	
0.597282	1.30001	0.117382	
0.599028	1.30001	0.116607	
0.600771	1.30001	0.115837	
0.602511	1.30001	0.115072	
0.604248	1.30001	0.114311	
0.605982	1.30001	0.113549	
0.607713	1.30001	0.112797	
0.609441	1.30001	0.112057	
0.611166	1.30001	0.111315	
0.612889	1.30001	0.110577	
0.614608	1.30001	0.109844	
0.616324	1.30001	0.109116	
0.618037	1.30001	0.108392	
0.619747	1.30001	0.107674	
0.621455	1.30001	0.10696	
0.623159	1.30001	0.10625	
0.624861	1.30001	0.105544	
0.626559	1.30001	0.104844	
0.628255	1.30001	0.104149	
0.629948	1.30001	0.103458	
0.631638	1.30001	0.102772	
0.633325	1.30001	0.10209	
0.63501	1.30001	0.101413	
0.636691	1.30001	0.100741	
0.63837	1.30001	0.100074	
0.640046	1.30001	0.099411	
0.641719	1.30001	0.0987522	
0.643389	1.30001	0.0980923	
0.645057	1.30001	0.0974436	
0.646721	1.30001	0.0967995	
0.648383	1.30001	0.09616	
0.650042	1.30001	0.0955252	
0.651699	1.30001	0.0948952	
0.653353	1.30001	0.0942698	
0.655004	1.30001	0.09365	
0.656652	1.30001	0.0930341	
0.658297	1.30001	0.0924225	
0.65994	1.30001	0.0918164	
0.66158	1.30001	0.0912145	
0.663218	1.30001	0.0906168	
0.664853	1.30001	0.0900232	
0.666485	1.30001	0.0894337	
0.668114	1.30001	0.0888483	
0.669741	1.30001	0.088267	
0.671365	1.30001	0.08769	
0.672987	1.30001	0.0871171	
0.674606	1.30001	0.0865484	
0.676222	1.30001	0.0859839	
0.677836	1.30001	0.0854237	
0.679447	1.30001	0.0848679	
0.681055	1.30001	0.0843165	
0.682661	1.30001	0.0837693	
0.684265	1.30001	0.0832257	
0.685865	1.30001	0.0826859	
0.687464	1.30001	0.0821497	
0.689059	1.30001	0.0816171	
0.690652	1.30001	0.0810883	
0.692243	1.30001	0.0805632	
0.693831	1.30001	0.0800418	
0.695416	1.30001	0.0795241	
0.697	1.30001	0.0790102	
0.69858	1.30001	0.0785001	
0.700158	1.30001	0.0779938	
0.701734	1.30001	0.0774913	
0.703307	1.30001	0.0769929	
0.704877	1.30001	0.0764985	
0.706445	1.30001	0.0760077	
0.708011	1.30001	0.0755201	
0.709574	1.30001	0.0750359	
0.711135	1.30001	0.0745549	
0.712694	1.30001	0.0740773	
0.714249	1.30001	0.073603	
0.715803	1.30001	0.073132	
0.717354	1.30001	0.0726643	
0.718903	1.30001	0.0722	
0.720449	1.30001	0.071739	
0.721993	1.30001	0.0712815	
0.723535	1.30001	0.0708273	
0.725074	1.30001	0.0703765	
0.726611	1.30001	0.0699293	
0.728145	1.30001	0.0694855	
0.729677	1.30001	0.0690454	
0.731207	1.30001	0.0686084	
0.732734	1.30001	0.0681743	
0.734259	1.30001	0.0677432	
0.735782	1.30001	0.067315	
0.737303	1.30001	0.0668897	
0.738821	1.30001	0.0664674	
0.740337	1.30001	0.0660481	
0.74185	1.30001	0.0656317	
0.743361	1.30001	0.0652183	
0.74487	1.30001	0.0648078	
0.746377	1.30001	0.0644003	
0.747882	1.30001	0.0639958	
0.749384	1.30001	0.0635943	
0.750884	1.30001	0.0631958	
0.752381	1.30001	0.0628003	
0.753877	1.30001	0.062408	
0.75537	1.30001	0.0620188	
0.756861	1.30001	0.0616325	
0.75835	1.30001	0.0612487	
0.759836	1.30001	0.0608675	
0.761321	1.30001	0.0604888	
0.762803	1.30001	0.0601128	
0.764283	1.30001	0.0597393	
0.76576	1.30001	0.0593684	
0.767236	1.30001	0.0590001	
0.768709	1.30001	0.0586344	
0.770181	1.30001	0.0582712	
0.77165	1.30001	0.0579107	
0.773117	1.30001	0.0575527	
0.774581	1.30001	0.0571973	
0.776044	1.30001	0.0568445	
0.777505	1.30001	0.0564943	
0.778963	1.30001	0.0561468	
0.780419	1.30001	0.0558019	
0.781873	1.30001	0.0554597	
0.783325	1.30001	0.0551203	
0.784775	1.30001	0.0547832	
0.786223	1.30001	0.0544483	
0.787669	1.30001	0.0541156	
0.789112	1.30001	0.0537852	
0.790554	1.30001	0.053457	
0.791993	1.30001	0.0531311	
0.793431	1.30001	0.0528074	
0.794866	1.30001	0.0524859	
0.796299	1.30001	0.0521666	
0.797731	1.30001	0.0518496	
0.79916	1.30001	0.0515348	
0.800587	1.30001	0.0512222	
0.802012	1.30001	0.0509118	
0.803435	1.30001	0.0506037	
0.804856	1.30001	0.0502978	
0.806275	1.30001	0.0499941	
0.807692	1.30001	0.0496927	
0.809107	1.30001	0.0493935	
0.81052	1.30001	0.0490966	
0.811931	1.30001	0.0488021	
0.81334	1.30001	0.0485096	
0.814748	1.30001	0.0482191	
0.816153	1.30001	0.0479306	
0.817556	1.30001	0.0476439	
0.818957	1.30001	0.0473591	
0.820356	1.30001	0.0470762	
0.821753	1.30001	0.0467952	
0.823149	1.30001	0.0465162	
0.824542	1.30001	0.046239	
0.825933	1.30001	0.0459637	
0.827323	1.30001	0.0456903	
0.82871	1.30001	0.0454188	
0.830096	1.30001	0.0451491	
0.83148	1.30001	0.0448814	
0.832861	1.30001	0.0446155	
0.834241	1.30001	0.0443515	
0.835619	1.30001	0.0440894	
0.836995	1.30001	0.0438291	
0.83837	1.30001	0.0435708	
0.839742	1.30001	0.0433144	
0.841112	1.30001	0.0430598	
0.842481	1.30001	0.0428072	
0.843848	1.30001	0.0425566	
0.845212	1.30001	0.0423076	
0.846575	1.30001	0.0420602	
0.847936	1.30001	0.0418144	
0.849296	1.30001	0.0415702	
0.850653	1.30001	0.0413277	
0.852009	1.30001	0.0410867	
0.853362	1.30001	0.0408473	
0.854714	1.30001	0.0406096	
0.856064	1.30001	0.0403734	
0.857413	1.30001	0.0401388	
0.858759	1.30001	0.0399058	
0.860104	1.30001	0.0396744	
0.861447	1.30001	0.0394445	
0.862788	1.30001	0.0392162	
0.864127	1.30001	0.0389895	
0.865464	1.30001	0.0387644	
0.8668	1.30001	0.0385408	
0.868134	1.30001	0.0383187	
0.869466	1.30001	0.0380983	
0.870796	1.30001	0.0378794	
0.872125	1.30001	0.0376621	
0.873451	1.30001	0.0374464	
0.874777	1.30001	0.0372322	
0.8761	1.30001	0.0370197	
0.877421	1.30001	0.0368087	
0.878741	1.30001	0.036599	
0.880059	1.30001	0.0363894	
0.881375	1.30001	0.0361823	
0.88269	1.30001	0.0359764	
0.884003	1.30001	0.035772	
0.885314	1.30001	0.0355689	
0.886623	1.30001	0.035367	
0.887931	1.30001	0.0351666	
0.889237	1.30001	0.0349674	
0.890541	1.30001	0.0347695	
0.891844	1.30001	0.0345729	
0.893145	1.30001	0.0343777	
0.894444	1.30001	0.0341837	
0.895742	1.30001	0.033991	
0.897038	1.30001	0.0337996	
0.898332	1.30001	0.0336095	
0.899624	1.30001	0.0334206	
0.900915	1.30001	0.033233	
0.902204	1.30001	0.0330467	
0.903492	1.30001	0.0328617	
0.904777	1.30001	0.0326779	
0.906062	1.30001	0.0324954	
0.907344	1.30001	0.0323142	
0.908625	1.30001	0.0321342	
0.909904	1.30001	0.0319555	
0.911182	1.30001	0.0317782	
0.912458	1.30001	0.0316021	
0.913732	1.30001	0.0314271	
0.915005	1.30001	0.0312531	
0.916276	1.30001	0.0310803	
0.917546	1.30001	0.0309086	
0.918814	1.30001	0.0307379	
0.92008	1.30001	0.0305683	
0.921345	1.30001	0.0303998	
0.922608	1.30001	0.0302324	
0.923869	1.30001	0.030066	
0.925129	1.30001	0.0299007	
0.926388	1.30001	0.0297364	
0.927644	1.30001	0.0295732	
0.9289	1.30001	0.0294111	
0.930153	1.30001	0.0292499	
0.931405	1.30001	0.0290899	
0.932656	1.30001	0.0289308	
0.933905	1.30001	0.0287728	
0.935152	1.30001	0.0286158	
0.936398	1.30001	0.0284599	
0.937642	1.30001	0.028305	
0.938885	1.30001	0.0281511	
0.940126	1.30001	0.0279982	
0.941365	1.30001	0.0278463	
0.942604	1.30001	0.0276954	
0.94384	1.30001	0.0275456	
0.945075	1.30001	0.0273967	
0.946309	1.30001	0.0272489	
0.947541	1.30001	0.0271021	
0.948771	1.30001	0.0269563	
