X	Q2	theory
0.001	1.30001	0.36411	
0.00416757	1.30001	0.31513	
0.00732515	1.30001	0.300364	
0.0104728	1.30001	0.292765	
0.0136105	1.30001	0.288135	
0.0167385	1.30001	0.285639	
0.0198567	1.30001	0.284378	
0.0229652	1.30001	0.284332	
0.026064	1.30001	0.284502	
0.0291533	1.30001	0.2853	
0.0322331	1.30001	0.286466	
0.0353034	1.30001	0.287803	
0.0383643	1.30001	0.289364	
0.0414159	1.30001	0.290895	
0.0444582	1.30001	0.292615	
0.0474913	1.30001	0.294412	
0.0505152	1.30001	0.295801	
0.0535299	1.30001	0.297421	
0.0565357	1.30001	0.299009	
0.0595324	1.30001	0.300463	
0.0625201	1.30001	0.301833	
0.065499	1.30001	0.303103	
0.068469	1.30001	0.304338	
0.0714302	1.30001	0.30546	
0.0743827	1.30001	0.306459	
0.0773265	1.30001	0.307518	
0.0802616	1.30001	0.308352	
0.0831882	1.30001	0.308966	
0.0861062	1.30001	0.309668	
0.0890157	1.30001	0.31027	
0.0919168	1.30001	0.310823	
0.0948095	1.30001	0.311311	
0.0976938	1.30001	0.311744	
0.10057	1.30001	0.31212	
0.103438	1.30001	0.312435	
0.106297	1.30001	0.312701	
0.109149	1.30001	0.312909	
0.111992	1.30001	0.313063	
0.114827	1.30001	0.313157	
0.117655	1.30001	0.313392	
0.120474	1.30001	0.313242	
0.123285	1.30001	0.313241	
0.126089	1.30001	0.313209	
0.128884	1.30001	0.313159	
0.131672	1.30001	0.313118	
0.134452	1.30001	0.313104	
0.137225	1.30001	0.313019	
0.139989	1.30001	0.312832	
0.142747	1.30001	0.313515	
0.145496	1.30001	0.312382	
0.148238	1.30001	0.312144	
0.150973	1.30001	0.312053	
0.1537	1.30001	0.31174	
0.156419	1.30001	0.311255	
0.159131	1.30001	0.31092	
0.161836	1.30001	0.310559	
0.164534	1.30001	0.31016	
0.167224	1.30001	0.309748	
0.169907	1.30001	0.309325	
0.172583	1.30001	0.308821	
0.175252	1.30001	0.3084	
0.177914	1.30001	0.307898	
0.180569	1.30001	0.307389	
0.183216	1.30001	0.306866	
0.185857	1.30001	0.30632	
0.18849	1.30001	0.305738	
0.191117	1.30001	0.305143	
0.193737	1.30001	0.304547	
0.19635	1.30001	0.303941	
0.198956	1.30001	0.303305	
0.201556	1.30001	0.302635	
0.204148	1.30001	0.30194	
0.206734	1.30001	0.301249	
0.209314	1.30001	0.300603	
0.211886	1.30001	0.299884	
0.214452	1.30001	0.299144	
0.217012	1.30001	0.298369	
0.219565	1.30001	0.297588	
0.222111	1.30001	0.296806	
0.224651	1.30001	0.295969	
0.227185	1.30001	0.295165	
0.229712	1.30001	0.294344	
0.232233	1.30001	0.293493	
0.234747	1.30001	0.292629	
0.237256	1.30001	0.291763	
0.239758	1.30001	0.290892	
0.242253	1.30001	0.290025	
0.244743	1.30001	0.289135	
0.247226	1.30001	0.288228	
0.249703	1.30001	0.287296	
0.252174	1.30001	0.286355	
0.254639	1.30001	0.285411	
0.257098	1.30001	0.284795	
0.25955	1.30001	0.283522	
0.261997	1.30001	0.282562	
0.264438	1.30001	0.281595	
0.266873	1.30001	0.280358	
0.269302	1.30001	0.279362	
0.271725	1.30001	0.278593	
0.274142	1.30001	0.277582	
0.276553	1.30001	0.276568	
0.278959	1.30001	0.275551	
0.281359	1.30001	0.274527	
0.283753	1.30001	0.273496	
0.286141	1.30001	0.272465	
0.288524	1.30001	0.271411	
0.290901	1.30001	0.270351	
0.293272	1.30001	0.26929	
0.295638	1.30001	0.268227	
0.297998	1.30001	0.267162	
0.300353	1.30001	0.266095	
0.302702	1.30001	0.265024	
0.305045	1.30001	0.263947	
0.307384	1.30001	0.262868	
0.309716	1.30001	0.261782	
0.312043	1.30001	0.260689	
0.314365	1.30001	0.259765	
0.316682	1.30001	0.258508	
0.318993	1.30001	0.257413	
0.321298	1.30001	0.256318	
0.323599	1.30001	0.255223	
0.325894	1.30001	0.254126	
0.328184	1.30001	0.253029	
0.330469	1.30001	0.25193	
0.332748	1.30001	0.25083	
0.335022	1.30001	0.249728	
0.337292	1.30001	0.248625	
0.339556	1.30001	0.247522	
0.341814	1.30001	0.246423	
0.344068	1.30001	0.245322	
0.346317	1.30001	0.244222	
0.348561	1.30001	0.243122	
0.350799	1.30001	0.242025	
0.353033	1.30001	0.240928	
0.355262	1.30001	0.239833	
0.357485	1.30001	0.23874	
0.359704	1.30001	0.237649	
0.361918	1.30001	0.23656	
0.364127	1.30001	0.235475	
0.366331	1.30001	0.234388	
0.36853	1.30001	0.233304	
0.370725	1.30001	0.232221	
0.372914	1.30001	0.23114	
0.375099	1.30001	0.230063	
0.377279	1.30001	0.228987	
0.379454	1.30001	0.227915	
0.381625	1.30001	0.226846	
0.383791	1.30001	0.225781	
0.385952	1.30001	0.224719	
0.388109	1.30001	0.223662	
0.390261	1.30001	0.22261	
0.392408	1.30001	0.221562	
0.394551	1.30001	0.220516	
0.396689	1.30001	0.219472	
0.398822	1.30001	0.218431	
0.400951	1.30001	0.217393	
0.403076	1.30001	0.216358	
0.405196	1.30001	0.215327	
0.407311	1.30001	0.214297	
0.409423	1.30001	0.213273	
0.411529	1.30001	0.212253	
0.413631	1.30001	0.211238	
0.415729	1.30001	0.210227	
0.417822	1.30001	0.209222	
0.419911	1.30001	0.208223	
0.421996	1.30001	0.20723	
0.424076	1.30001	0.206246	
0.426152	1.30001	0.205262	
0.428224	1.30001	0.204283	
0.430291	1.30001	0.203307	
0.432355	1.30001	0.202334	
0.434413	1.30001	0.201364	
0.436468	1.30001	0.200398	
0.438519	1.30001	0.199435	
0.440565	1.30001	0.198476	
0.442607	1.30001	0.197522	
0.444645	1.30001	0.196572	
0.446679	1.30001	0.195627	
0.448708	1.30001	0.194696	
0.450734	1.30001	0.193762	
0.452755	1.30001	0.192833	
0.454773	1.30001	0.191911	
0.456786	1.30001	0.190996	
0.458795	1.30001	0.190079	
0.4608	1.30001	0.189181	
0.462801	1.30001	0.188285	
0.464799	1.30001	0.187393	
0.466792	1.30001	0.186503	
0.468781	1.30001	0.185615	
0.470766	1.30001	0.184725	
0.472748	1.30001	0.183844	
0.474725	1.30001	0.182966	
0.476699	1.30001	0.182092	
0.478669	1.30001	0.181223	
0.480634	1.30001	0.180357	
0.482596	1.30001	0.179496	
0.484554	1.30001	0.17864	
0.486509	1.30001	0.177789	
0.488459	1.30001	0.176943	
0.490406	1.30001	0.176103	
0.492349	1.30001	0.175268	
0.494288	1.30001	0.17444	
0.496223	1.30001	0.173619	
0.498155	1.30001	0.172806	
0.500083	1.30001	0.172001	
0.502007	1.30001	0.171205	
0.503927	1.30001	0.170411	
0.505844	1.30001	0.169619	
0.507757	1.30001	0.168829	
0.509667	1.30001	0.168042	
0.511573	1.30001	0.167257	
0.513475	1.30001	0.166476	
0.515373	1.30001	0.165697	
0.517269	1.30001	0.164922	
0.51916	1.30001	0.164155	
0.521048	1.30001	0.163387	
0.522932	1.30001	0.162623	
0.524813	1.30001	0.161863	
0.52669	1.30001	0.161107	
0.528564	1.30001	0.160355	
0.530434	1.30001	0.159604	
0.532301	1.30001	0.158861	
0.534164	1.30001	0.158124	
0.536024	1.30001	0.157392	
0.53788	1.30001	0.156666	
0.539733	1.30001	0.155946	
0.541582	1.30001	0.155232	
0.543428	1.30001	0.154526	
0.545271	1.30001	0.153828	
0.54711	1.30001	0.153139	
0.548946	1.30001	0.152454	
0.550779	1.30001	0.151771	
0.552608	1.30001	0.151089	
0.554434	1.30001	0.150409	
0.556256	1.30001	0.149732	
0.558075	1.30001	0.149056	
0.559891	1.30001	0.148384	
0.561704	1.30001	0.147714	
0.563513	1.30001	0.147046	
0.565319	1.30001	0.146382	
0.567122	1.30001	0.14572	
0.568922	1.30001	0.145061	
0.570718	1.30001	0.144406	
0.572511	1.30001	0.143753	
0.574301	1.30001	0.143104	
0.576087	1.30001	0.142459	
0.577871	1.30001	0.141817	
0.579651	1.30001	0.141179	
0.581428	1.30001	0.140545	
0.583202	1.30001	0.139915	
0.584973	1.30001	0.139289	
0.586741	1.30001	0.138667	
0.588506	1.30001	0.138052	
0.590267	1.30001	0.137441	
0.592025	1.30001	0.136835	
0.593781	1.30001	0.136235	
0.595533	1.30001	0.135641	
0.597282	1.30001	0.135053	
0.599028	1.30001	0.134475	
0.600771	1.30001	0.1339	
0.602511	1.30001	0.133328	
0.604248	1.30001	0.132759	
0.605982	1.30001	0.132178	
0.607713	1.30001	0.131613	
0.609441	1.30001	0.131064	
0.611166	1.30001	0.130503	
0.612889	1.30001	0.129946	
0.614608	1.30001	0.12939	
0.616324	1.30001	0.128838	
0.618037	1.30001	0.128287	
0.619747	1.30001	0.127741	
0.621455	1.30001	0.127195	
0.623159	1.30001	0.126653	
0.624861	1.30001	0.126111	
0.626559	1.30001	0.125574	
0.628255	1.30001	0.125041	
0.629948	1.30001	0.124509	
0.631638	1.30001	0.12398	
0.633325	1.30001	0.123454	
0.63501	1.30001	0.122931	
0.636691	1.30001	0.12241	
0.63837	1.30001	0.121892	
0.640046	1.30001	0.121377	
0.641719	1.30001	0.120864	
0.643389	1.30001	0.120341	
0.645057	1.30001	0.119835	
0.646721	1.30001	0.119332	
0.648383	1.30001	0.118831	
0.650042	1.30001	0.118334	
0.651699	1.30001	0.11784	
0.653353	1.30001	0.11735	
0.655004	1.30001	0.116864	
0.656652	1.30001	0.11638	
0.658297	1.30001	0.115898	
0.65994	1.30001	0.115422	
0.66158	1.30001	0.114948	
0.663218	1.30001	0.114476	
0.664853	1.30001	0.114007	
0.666485	1.30001	0.11354	
0.668114	1.30001	0.113075	
0.669741	1.30001	0.112613	
0.671365	1.30001	0.112154	
0.672987	1.30001	0.111697	
0.674606	1.30001	0.111243	
0.676222	1.30001	0.110792	
0.677836	1.30001	0.110344	
0.679447	1.30001	0.109899	
0.681055	1.30001	0.109457	
0.682661	1.30001	0.109019	
0.684265	1.30001	0.108582	
0.685865	1.30001	0.108147	
0.687464	1.30001	0.107715	
0.689059	1.30001	0.107284	
0.690652	1.30001	0.106856	
0.692243	1.30001	0.106429	
0.693831	1.30001	0.106005	
0.695416	1.30001	0.105583	
0.697	1.30001	0.105163	
0.69858	1.30001	0.104746	
0.700158	1.30001	0.104332	
0.701734	1.30001	0.10392	
0.703307	1.30001	0.103511	
0.704877	1.30001	0.103106	
0.706445	1.30001	0.102703	
0.708011	1.30001	0.102301	
0.709574	1.30001	0.101902	
0.711135	1.30001	0.101504	
0.712694	1.30001	0.101107	
0.714249	1.30001	0.100713	
0.715803	1.30001	0.100321	
0.717354	1.30001	0.0999305	
0.718903	1.30001	0.0995422	
0.720449	1.30001	0.0991559	
0.721993	1.30001	0.0987719	
0.723535	1.30001	0.0983902	
0.725074	1.30001	0.0980108	
0.726611	1.30001	0.097634	
0.728145	1.30001	0.0972598	
0.729677	1.30001	0.0968888	
0.731207	1.30001	0.0965196	
0.732734	1.30001	0.0961519	
0.734259	1.30001	0.0957858	
0.735782	1.30001	0.0954212	
0.737303	1.30001	0.0950583	
0.738821	1.30001	0.0946971	
0.740337	1.30001	0.0943376	
0.74185	1.30001	0.0939799	
0.743361	1.30001	0.0936239	
0.74487	1.30001	0.0932698	
0.746377	1.30001	0.0929176	
0.747882	1.30001	0.0925674	
0.749384	1.30001	0.0922192	
0.750884	1.30001	0.0918732	
0.752381	1.30001	0.0915293	
0.753877	1.30001	0.0911879	
0.75537	1.30001	0.0908492	
0.756861	1.30001	0.0905124	
0.75835	1.30001	0.0901768	
0.759836	1.30001	0.0898427	
0.761321	1.30001	0.0895099	
0.762803	1.30001	0.0891785	
0.764283	1.30001	0.0888486	
0.76576	1.30001	0.0885201	
0.767236	1.30001	0.0881932	
0.768709	1.30001	0.0878678	
0.770181	1.30001	0.087544	
0.77165	1.30001	0.0872218	
0.773117	1.30001	0.0869013	
0.774581	1.30001	0.0865826	
0.776044	1.30001	0.0862656	
0.777505	1.30001	0.0859504	
0.778963	1.30001	0.0856372	
0.780419	1.30001	0.085326	
0.781873	1.30001	0.085017	
0.783325	1.30001	0.0847104	
0.784775	1.30001	0.0844052	
0.786223	1.30001	0.084101	
0.787669	1.30001	0.0837981	
0.789112	1.30001	0.0834964	
0.790554	1.30001	0.083196	
0.791993	1.30001	0.0828969	
0.793431	1.30001	0.082599	
0.794866	1.30001	0.0823025	
0.796299	1.30001	0.0820074	
0.797731	1.30001	0.0817136	
0.79916	1.30001	0.0814212	
0.800587	1.30001	0.0811303	
0.802012	1.30001	0.0808408	
0.803435	1.30001	0.0805528	
0.804856	1.30001	0.0802665	
0.806275	1.30001	0.0799817	
0.807692	1.30001	0.0796985	
0.809107	1.30001	0.0794171	
0.81052	1.30001	0.0791376	
0.811931	1.30001	0.0788602	
0.81334	1.30001	0.0785844	
0.814748	1.30001	0.0783095	
0.816153	1.30001	0.0780357	
0.817556	1.30001	0.0777629	
0.818957	1.30001	0.0774911	
0.820356	1.30001	0.0772205	
0.821753	1.30001	0.0769509	
0.823149	1.30001	0.0766825	
0.824542	1.30001	0.0764152	
0.825933	1.30001	0.0761491	
0.827323	1.30001	0.0758842	
0.82871	1.30001	0.0756205	
0.830096	1.30001	0.075358	
0.83148	1.30001	0.0750967	
0.832861	1.30001	0.0748367	
0.834241	1.30001	0.0745781	
0.835619	1.30001	0.0743209	
0.836995	1.30001	0.0740649	
0.83837	1.30001	0.0738105	
0.839742	1.30001	0.0735575	
0.841112	1.30001	0.0733062	
0.842481	1.30001	0.0730566	
0.843848	1.30001	0.0728087	
0.845212	1.30001	0.0725617	
0.846575	1.30001	0.0723157	
0.847936	1.30001	0.0720705	
0.849296	1.30001	0.0718263	
0.850653	1.30001	0.071583	
0.852009	1.30001	0.0713407	
0.853362	1.30001	0.0710994	
0.854714	1.30001	0.070859	
0.856064	1.30001	0.0706197	
0.857413	1.30001	0.0703813	
0.858759	1.30001	0.0701441	
0.860104	1.30001	0.0699078	
0.861447	1.30001	0.0696726	
0.862788	1.30001	0.0694384	
0.864127	1.30001	0.0692054	
0.865464	1.30001	0.0689734	
0.8668	1.30001	0.0687426	
0.868134	1.30001	0.068513	
0.869466	1.30001	0.0682846	
0.870796	1.30001	0.0680574	
0.872125	1.30001	0.0678317	
0.873451	1.30001	0.0676071	
0.874777	1.30001	0.0673839	
0.8761	1.30001	0.0671623	
0.877421	1.30001	0.0669419	
0.878741	1.30001	0.0667226	
0.880059	1.30001	0.0664998	
0.881375	1.30001	0.0662814	
0.88269	1.30001	0.0660635	
0.884003	1.30001	0.0658467	
0.885314	1.30001	0.0656307	
0.886623	1.30001	0.0654156	
0.887931	1.30001	0.0652013	
0.889237	1.30001	0.0649878	
0.890541	1.30001	0.0647752	
0.891844	1.30001	0.0645634	
0.893145	1.30001	0.0643526	
0.894444	1.30001	0.0641426	
0.895742	1.30001	0.0639335	
0.897038	1.30001	0.0637253	
0.898332	1.30001	0.063518	
0.899624	1.30001	0.0633117	
0.900915	1.30001	0.0631063	
0.902204	1.30001	0.0629018	
0.903492	1.30001	0.0626984	
0.904777	1.30001	0.0624959	
0.906062	1.30001	0.0622945	
0.907344	1.30001	0.0620941	
0.908625	1.30001	0.0618948	
0.909904	1.30001	0.0616967	
0.911182	1.30001	0.0615001	
0.912458	1.30001	0.0613045	
0.913732	1.30001	0.0611094	
0.915005	1.30001	0.060915	
0.916276	1.30001	0.0607213	
0.917546	1.30001	0.0605283	
0.918814	1.30001	0.060336	
0.92008	1.30001	0.0601444	
0.921345	1.30001	0.0599534	
0.922608	1.30001	0.0597632	
0.923869	1.30001	0.0595737	
0.925129	1.30001	0.0593849	
0.926388	1.30001	0.0591968	
0.927644	1.30001	0.0590095	
0.9289	1.30001	0.0588228	
0.930153	1.30001	0.058637	
0.931405	1.30001	0.0584518	
0.932656	1.30001	0.0582674	
0.933905	1.30001	0.0580838	
0.935152	1.30001	0.057901	
0.936398	1.30001	0.057719	
0.937642	1.30001	0.0575377	
0.938885	1.30001	0.0573573	
0.940126	1.30001	0.0571776	
0.941365	1.30001	0.0569988	
0.942604	1.30001	0.0568208	
0.94384	1.30001	0.0566437	
0.945075	1.30001	0.0564675	
0.946309	1.30001	0.0562922	
0.947541	1.30001	0.0561179	
0.948771	1.30001	0.0559446	
