X	Q2	theory
0.001	1.30001	0.364109	
0.00416757	1.30001	0.31511	
0.00732515	1.30001	0.300307	
0.0104728	1.30001	0.292654	
0.0136105	1.30001	0.287955	
0.0167385	1.30001	0.285376	
0.0198567	1.30001	0.284017	
0.0229652	1.30001	0.283857	
0.026064	1.30001	0.2839	
0.0291533	1.30001	0.284555	
0.0322331	1.30001	0.285565	
0.0353034	1.30001	0.286731	
0.0383643	1.30001	0.288108	
0.0414159	1.30001	0.289441	
0.0444582	1.30001	0.29095	
0.0474913	1.30001	0.292523	
0.0505152	1.30001	0.293678	
0.0535299	1.30001	0.295051	
0.0565357	1.30001	0.29638	
0.0595324	1.30001	0.297566	
0.0625201	1.30001	0.298657	
0.065499	1.30001	0.299639	
0.068469	1.30001	0.300576	
0.0714302	1.30001	0.301392	
0.0743827	1.30001	0.302079	
0.0773265	1.30001	0.302815	
0.0802616	1.30001	0.303322	
0.0831882	1.30001	0.303605	
0.0861062	1.30001	0.303967	
0.0890157	1.30001	0.304225	
0.0919168	1.30001	0.304429	
0.0948095	1.30001	0.304563	
0.0976938	1.30001	0.304637	
0.10057	1.30001	0.304652	
0.103438	1.30001	0.304602	
0.106297	1.30001	0.304501	
0.109149	1.30001	0.304339	
0.111992	1.30001	0.304121	
0.114827	1.30001	0.303844	
0.117655	1.30001	0.303699	
0.120474	1.30001	0.303179	
0.123285	1.30001	0.302803	
0.126089	1.30001	0.302394	
0.128884	1.30001	0.301967	
0.131672	1.30001	0.301548	
0.134452	1.30001	0.301155	
0.137225	1.30001	0.300693	
0.139989	1.30001	0.300133	
0.142747	1.30001	0.300406	
0.145496	1.30001	0.298941	
0.148238	1.30001	0.298334	
0.150973	1.30001	0.297869	
0.1537	1.30001	0.297193	
0.156419	1.30001	0.296356	
0.159131	1.30001	0.295663	
0.161836	1.30001	0.294948	
0.164534	1.30001	0.2942	
0.167224	1.30001	0.293442	
0.169907	1.30001	0.292675	
0.172583	1.30001	0.291837	
0.175252	1.30001	0.29108	
0.177914	1.30001	0.290251	
0.180569	1.30001	0.289419	
0.183216	1.30001	0.288577	
0.185857	1.30001	0.287718	
0.18849	1.30001	0.28683	
0.191117	1.30001	0.285935	
0.193737	1.30001	0.285043	
0.19635	1.30001	0.284147	
0.198956	1.30001	0.283229	
0.201556	1.30001	0.282283	
0.204148	1.30001	0.28132	
0.206734	1.30001	0.280366	
0.209314	1.30001	0.27946	
0.211886	1.30001	0.278493	
0.214452	1.30001	0.277511	
0.217012	1.30001	0.276503	
0.219565	1.30001	0.275496	
0.222111	1.30001	0.274495	
0.224651	1.30001	0.273449	
0.227185	1.30001	0.272441	
0.229712	1.30001	0.271423	
0.232233	1.30001	0.270385	
0.234747	1.30001	0.269341	
0.237256	1.30001	0.268303	
0.239758	1.30001	0.267267	
0.242253	1.30001	0.266243	
0.244743	1.30001	0.265204	
0.247226	1.30001	0.264156	
0.249703	1.30001	0.263093	
0.252174	1.30001	0.26203	
0.254639	1.30001	0.260972	
0.257098	1.30001	0.260219	
0.25955	1.30001	0.258875	
0.261997	1.30001	0.257824	
0.264438	1.30001	0.256774	
0.266873	1.30001	0.255486	
0.269302	1.30001	0.254425	
0.271725	1.30001	0.253578	
0.274142	1.30001	0.252519	
0.276553	1.30001	0.251465	
0.278959	1.30001	0.250415	
0.281359	1.30001	0.249366	
0.283753	1.30001	0.24832	
0.286141	1.30001	0.247281	
0.288524	1.30001	0.246229	
0.290901	1.30001	0.245179	
0.293272	1.30001	0.244135	
0.295638	1.30001	0.243097	
0.297998	1.30001	0.242066	
0.300353	1.30001	0.24104	
0.302702	1.30001	0.240018	
0.305045	1.30001	0.238998	
0.307384	1.30001	0.237984	
0.309716	1.30001	0.236971	
0.312043	1.30001	0.235959	
0.314365	1.30001	0.235107	
0.316682	1.30001	0.233961	
0.318993	1.30001	0.23297	
0.321298	1.30001	0.231985	
0.323599	1.30001	0.231008	
0.325894	1.30001	0.230036	
0.328184	1.30001	0.229071	
0.330469	1.30001	0.228112	
0.332748	1.30001	0.227159	
0.335022	1.30001	0.226211	
0.337292	1.30001	0.225268	
0.339556	1.30001	0.224333	
0.341814	1.30001	0.223409	
0.344068	1.30001	0.222488	
0.346317	1.30001	0.221576	
0.348561	1.30001	0.22067	
0.350799	1.30001	0.219773	
0.353033	1.30001	0.218883	
0.355262	1.30001	0.218002	
0.357485	1.30001	0.217128	
0.359704	1.30001	0.216262	
0.361918	1.30001	0.215404	
0.364127	1.30001	0.214556	
0.366331	1.30001	0.213713	
0.36853	1.30001	0.212877	
0.370725	1.30001	0.212049	
0.372914	1.30001	0.211229	
0.375099	1.30001	0.210418	
0.377279	1.30001	0.209614	
0.379454	1.30001	0.208818	
0.381625	1.30001	0.208031	
0.383791	1.30001	0.207253	
0.385952	1.30001	0.206484	
0.388109	1.30001	0.205724	
0.390261	1.30001	0.204974	
0.392408	1.30001	0.204233	
0.394551	1.30001	0.203498	
0.396689	1.30001	0.202771	
0.398822	1.30001	0.202051	
0.400951	1.30001	0.201339	
0.403076	1.30001	0.200635	
0.405196	1.30001	0.199938	
0.407311	1.30001	0.199248	
0.409423	1.30001	0.198568	
0.411529	1.30001	0.197895	
0.413631	1.30001	0.197232	
0.415729	1.30001	0.196577	
0.417822	1.30001	0.195931	
0.419911	1.30001	0.195295	
0.421996	1.30001	0.19467	
0.424076	1.30001	0.194056	
0.426152	1.30001	0.193446	
0.428224	1.30001	0.192845	
0.430291	1.30001	0.192251	
0.432355	1.30001	0.191663	
0.434413	1.30001	0.191082	
0.436468	1.30001	0.190507	
0.438519	1.30001	0.189939	
0.440565	1.30001	0.189379	
0.442607	1.30001	0.188826	
0.444645	1.30001	0.188281	
0.446679	1.30001	0.187743	
0.448708	1.30001	0.187223	
0.450734	1.30001	0.186702	
0.452755	1.30001	0.186189	
0.454773	1.30001	0.185686	
0.456786	1.30001	0.185192	
0.458795	1.30001	0.1847	
0.4608	1.30001	0.184227	
0.462801	1.30001	0.183761	
0.464799	1.30001	0.183299	
0.466792	1.30001	0.182843	
0.468781	1.30001	0.182392	
0.470766	1.30001	0.18194	
0.472748	1.30001	0.1815	
0.474725	1.30001	0.181065	
0.476699	1.30001	0.180636	
0.478669	1.30001	0.180214	
0.480634	1.30001	0.179797	
0.482596	1.30001	0.179387	
0.484554	1.30001	0.178984	
0.486509	1.30001	0.178588	
0.488459	1.30001	0.178198	
0.490406	1.30001	0.177816	
0.492349	1.30001	0.177441	
0.494288	1.30001	0.177075	
0.496223	1.30001	0.176717	
0.498155	1.30001	0.176368	
0.500083	1.30001	0.17603	
0.502007	1.30001	0.175702	
0.503927	1.30001	0.175377	
0.505844	1.30001	0.175056	
0.507757	1.30001	0.174738	
0.509667	1.30001	0.174424	
0.511573	1.30001	0.174114	
0.513475	1.30001	0.173809	
0.515373	1.30001	0.173507	
0.517269	1.30001	0.17321	
0.51916	1.30001	0.172922	
0.521048	1.30001	0.172634	
0.522932	1.30001	0.17235	
0.524813	1.30001	0.172072	
0.52669	1.30001	0.171798	
0.528564	1.30001	0.17153	
0.530434	1.30001	0.171263	
0.532301	1.30001	0.171005	
0.534164	1.30001	0.170754	
0.536024	1.30001	0.170509	
0.53788	1.30001	0.17027	
0.539733	1.30001	0.170038	
0.541582	1.30001	0.169814	
0.543428	1.30001	0.169598	
0.545271	1.30001	0.16939	
0.54711	1.30001	0.169194	
0.548946	1.30001	0.169002	
0.550779	1.30001	0.168812	
0.552608	1.30001	0.168624	
0.554434	1.30001	0.168438	
0.556256	1.30001	0.168254	
0.558075	1.30001	0.168073	
0.559891	1.30001	0.167894	
0.561704	1.30001	0.167719	
0.563513	1.30001	0.167546	
0.565319	1.30001	0.167376	
0.567122	1.30001	0.167208	
0.568922	1.30001	0.167045	
0.570718	1.30001	0.166884	
0.572511	1.30001	0.166726	
0.574301	1.30001	0.166571	
0.576087	1.30001	0.166421	
0.577871	1.30001	0.166273	
0.579651	1.30001	0.16613	
0.581428	1.30001	0.165991	
0.583202	1.30001	0.165855	
0.584973	1.30001	0.165724	
0.586741	1.30001	0.165598	
0.588506	1.30001	0.165477	
0.590267	1.30001	0.165361	
0.592025	1.30001	0.16525	
0.593781	1.30001	0.165146	
0.595533	1.30001	0.165048	
0.597282	1.30001	0.164958	
0.599028	1.30001	0.164876	
0.600771	1.30001	0.1648	
0.602511	1.30001	0.164725	
0.604248	1.30001	0.164652	
0.605982	1.30001	0.164565	
0.607713	1.30001	0.164496	
0.609441	1.30001	0.164446	
0.611166	1.30001	0.16438	
0.612889	1.30001	0.164317	
0.614608	1.30001	0.164256	
0.616324	1.30001	0.164197	
0.618037	1.30001	0.164139	
0.619747	1.30001	0.164085	
0.621455	1.30001	0.164032	
0.623159	1.30001	0.16398	
0.624861	1.30001	0.163929	
0.626559	1.30001	0.163882	
0.628255	1.30001	0.163839	
0.629948	1.30001	0.163796	
0.631638	1.30001	0.163755	
0.633325	1.30001	0.163716	
0.63501	1.30001	0.163679	
0.636691	1.30001	0.163645	
0.63837	1.30001	0.163612	
0.640046	1.30001	0.163582	
0.641719	1.30001	0.163552	
0.643389	1.30001	0.163508	
0.645057	1.30001	0.163485	
0.646721	1.30001	0.163464	
0.648383	1.30001	0.163445	
0.650042	1.30001	0.163428	
0.651699	1.30001	0.163415	
0.653353	1.30001	0.163404	
0.655004	1.30001	0.163398	
0.656652	1.30001	0.163393	
0.658297	1.30001	0.163388	
0.65994	1.30001	0.16339	
0.66158	1.30001	0.163393	
0.663218	1.30001	0.163398	
0.664853	1.30001	0.163404	
0.666485	1.30001	0.163412	
0.668114	1.30001	0.163421	
0.669741	1.30001	0.163432	
0.671365	1.30001	0.163444	
0.672987	1.30001	0.163459	
0.674606	1.30001	0.163475	
0.676222	1.30001	0.163494	
0.677836	1.30001	0.163514	
0.679447	1.30001	0.163538	
0.681055	1.30001	0.163564	
0.682661	1.30001	0.163593	
0.684265	1.30001	0.163623	
0.685865	1.30001	0.163654	
0.687464	1.30001	0.163685	
0.689059	1.30001	0.163717	
0.690652	1.30001	0.163751	
0.692243	1.30001	0.163785	
0.693831	1.30001	0.163821	
0.695416	1.30001	0.163858	
0.697	1.30001	0.163896	
0.69858	1.30001	0.163936	
0.700158	1.30001	0.163978	
0.701734	1.30001	0.164022	
0.703307	1.30001	0.164068	
0.704877	1.30001	0.164118	
0.706445	1.30001	0.164168	
0.708011	1.30001	0.164219	
0.709574	1.30001	0.164271	
0.711135	1.30001	0.164323	
0.712694	1.30001	0.164375	
0.714249	1.30001	0.164429	
0.715803	1.30001	0.164483	
0.717354	1.30001	0.164538	
0.718903	1.30001	0.164594	
0.720449	1.30001	0.164651	
0.721993	1.30001	0.164709	
0.723535	1.30001	0.164768	
0.725074	1.30001	0.164829	
0.726611	1.30001	0.164892	
0.728145	1.30001	0.164957	
0.729677	1.30001	0.165025	
0.731207	1.30001	0.165093	
0.732734	1.30001	0.165162	
0.734259	1.30001	0.165231	
0.735782	1.30001	0.1653	
0.737303	1.30001	0.165369	
0.738821	1.30001	0.165439	
0.740337	1.30001	0.165509	
0.74185	1.30001	0.16558	
0.743361	1.30001	0.165651	
0.74487	1.30001	0.165723	
0.746377	1.30001	0.165796	
0.747882	1.30001	0.16587	
0.749384	1.30001	0.165945	
0.750884	1.30001	0.166021	
0.752381	1.30001	0.166099	
0.753877	1.30001	0.166178	
0.75537	1.30001	0.16626	
0.756861	1.30001	0.166343	
0.75835	1.30001	0.166425	
0.759836	1.30001	0.166507	
0.761321	1.30001	0.16659	
0.762803	1.30001	0.166672	
0.764283	1.30001	0.166754	
0.76576	1.30001	0.166837	
0.767236	1.30001	0.166919	
0.768709	1.30001	0.167002	
0.770181	1.30001	0.167086	
0.77165	1.30001	0.167169	
0.773117	1.30001	0.167253	
0.774581	1.30001	0.167338	
0.776044	1.30001	0.167424	
0.777505	1.30001	0.16751	
0.778963	1.30001	0.167598	
0.780419	1.30001	0.167687	
0.781873	1.30001	0.167777	
0.783325	1.30001	0.16787	
0.784775	1.30001	0.167962	
0.786223	1.30001	0.168054	
0.787669	1.30001	0.168146	
0.789112	1.30001	0.168238	
0.790554	1.30001	0.168329	
0.791993	1.30001	0.16842	
0.793431	1.30001	0.168511	
0.794866	1.30001	0.168602	
0.796299	1.30001	0.168693	
0.797731	1.30001	0.168785	
0.79916	1.30001	0.168876	
0.800587	1.30001	0.168968	
0.802012	1.30001	0.169059	
0.803435	1.30001	0.169152	
0.804856	1.30001	0.169244	
0.806275	1.30001	0.169338	
0.807692	1.30001	0.169432	
0.809107	1.30001	0.169527	
0.81052	1.30001	0.169623	
0.811931	1.30001	0.169721	
0.81334	1.30001	0.16982	
0.814748	1.30001	0.169918	
0.816153	1.30001	0.170015	
0.817556	1.30001	0.170112	
0.818957	1.30001	0.170209	
0.820356	1.30001	0.170305	
0.821753	1.30001	0.170401	
0.823149	1.30001	0.170496	
0.824542	1.30001	0.170592	
0.825933	1.30001	0.170687	
0.827323	1.30001	0.170782	
0.82871	1.30001	0.170876	
0.830096	1.30001	0.170971	
0.83148	1.30001	0.171066	
0.832861	1.30001	0.171161	
0.834241	1.30001	0.171256	
0.835619	1.30001	0.171352	
0.836995	1.30001	0.171447	
0.83837	1.30001	0.171544	
0.839742	1.30001	0.171641	
0.841112	1.30001	0.171739	
0.842481	1.30001	0.171838	
0.843848	1.30001	0.171938	
0.845212	1.30001	0.172038	
0.846575	1.30001	0.172137	
0.847936	1.30001	0.172236	
0.849296	1.30001	0.172334	
0.850653	1.30001	0.172432	
0.852009	1.30001	0.172529	
0.853362	1.30001	0.172625	
0.854714	1.30001	0.172721	
0.856064	1.30001	0.172817	
0.857413	1.30001	0.172912	
0.858759	1.30001	0.173008	
0.860104	1.30001	0.173103	
0.861447	1.30001	0.173197	
0.862788	1.30001	0.173292	
0.864127	1.30001	0.173386	
0.865464	1.30001	0.173481	
0.8668	1.30001	0.173575	
0.868134	1.30001	0.17367	
0.869466	1.30001	0.173764	
0.870796	1.30001	0.173859	
0.872125	1.30001	0.173956	
0.873451	1.30001	0.174052	
0.874777	1.30001	0.174149	
0.8761	1.30001	0.174247	
0.877421	1.30001	0.174346	
0.878741	1.30001	0.174444	
0.880059	1.30001	0.174531	
0.881375	1.30001	0.174627	
0.88269	1.30001	0.174721	
0.884003	1.30001	0.174815	
0.885314	1.30001	0.174908	
0.886623	1.30001	0.175001	
0.887931	1.30001	0.175094	
0.889237	1.30001	0.175185	
0.890541	1.30001	0.175277	
0.891844	1.30001	0.175367	
0.893145	1.30001	0.175458	
0.894444	1.30001	0.175548	
0.895742	1.30001	0.175638	
0.897038	1.30001	0.175727	
0.898332	1.30001	0.175816	
0.899624	1.30001	0.175905	
0.900915	1.30001	0.175993	
0.902204	1.30001	0.176082	
0.903492	1.30001	0.17617	
0.904777	1.30001	0.176259	
0.906062	1.30001	0.176347	
0.907344	1.30001	0.176436	
0.908625	1.30001	0.176525	
0.909904	1.30001	0.176615	
0.911182	1.30001	0.176706	
0.912458	1.30001	0.176797	
0.913732	1.30001	0.176887	
0.915005	1.30001	0.176977	
0.916276	1.30001	0.177065	
0.917546	1.30001	0.177153	
0.918814	1.30001	0.17724	
0.92008	1.30001	0.177327	
0.921345	1.30001	0.177412	
0.922608	1.30001	0.177498	
0.923869	1.30001	0.177582	
0.925129	1.30001	0.177666	
0.926388	1.30001	0.177749	
0.927644	1.30001	0.177831	
0.9289	1.30001	0.177913	
0.930153	1.30001	0.177995	
0.931405	1.30001	0.178076	
0.932656	1.30001	0.178156	
0.933905	1.30001	0.178236	
0.935152	1.30001	0.178316	
0.936398	1.30001	0.178395	
0.937642	1.30001	0.178474	
0.938885	1.30001	0.178553	
0.940126	1.30001	0.178632	
0.941365	1.30001	0.17871	
0.942604	1.30001	0.178789	
0.94384	1.30001	0.178867	
0.945075	1.30001	0.178945	
0.946309	1.30001	0.179024	
0.947541	1.30001	0.179103	
0.948771	1.30001	0.179183	
