X	Q2	theory
0.001	1.30001	0.36411	
0.00416757	1.30001	0.315134	
0.00732515	1.30001	0.300374	
0.0104728	1.30001	0.292782	
0.0136105	1.30001	0.28816	
0.0167385	1.30001	0.285675	
0.0198567	1.30001	0.284426	
0.0229652	1.30001	0.284392	
0.026064	1.30001	0.284576	
0.0291533	1.30001	0.285388	
0.0322331	1.30001	0.286569	
0.0353034	1.30001	0.287921	
0.0383643	1.30001	0.289497	
0.0414159	1.30001	0.291042	
0.0444582	1.30001	0.292776	
0.0474913	1.30001	0.294587	
0.0505152	1.30001	0.295988	
0.0535299	1.30001	0.29762	
0.0565357	1.30001	0.299218	
0.0595324	1.30001	0.30068	
0.0625201	1.30001	0.302057	
0.065499	1.30001	0.303332	
0.068469	1.30001	0.30457	
0.0714302	1.30001	0.305693	
0.0743827	1.30001	0.306693	
0.0773265	1.30001	0.307749	
0.0802616	1.30001	0.308579	
0.0831882	1.30001	0.309187	
0.0861062	1.30001	0.30988	
0.0890157	1.30001	0.310472	
0.0919168	1.30001	0.311013	
0.0948095	1.30001	0.311487	
0.0976938	1.30001	0.311904	
0.10057	1.30001	0.312261	
0.103438	1.30001	0.312556	
0.106297	1.30001	0.3128	
0.109149	1.30001	0.312983	
0.111992	1.30001	0.313111	
0.114827	1.30001	0.313177	
0.117655	1.30001	0.313381	
0.120474	1.30001	0.3132	
0.123285	1.30001	0.313165	
0.126089	1.30001	0.313097	
0.128884	1.30001	0.313008	
0.131672	1.30001	0.312924	
0.134452	1.30001	0.312863	
0.137225	1.30001	0.31273	
0.139989	1.30001	0.312495	
0.142747	1.30001	0.31312	
0.145496	1.30001	0.311941	
0.148238	1.30001	0.311646	
0.150973	1.30001	0.311495	
0.1537	1.30001	0.311122	
0.156419	1.30001	0.310576	
0.159131	1.30001	0.310175	
0.161836	1.30001	0.309747	
0.164534	1.30001	0.309279	
0.167224	1.30001	0.308796	
0.169907	1.30001	0.308297	
0.172583	1.30001	0.307722	
0.175252	1.30001	0.307218	
0.177914	1.30001	0.306636	
0.180569	1.30001	0.306044	
0.183216	1.30001	0.305436	
0.185857	1.30001	0.304803	
0.18849	1.30001	0.304134	
0.191117	1.30001	0.303449	
0.193737	1.30001	0.30276	
0.19635	1.30001	0.302059	
0.198956	1.30001	0.301327	
0.201556	1.30001	0.300561	
0.204148	1.30001	0.29977	
0.206734	1.30001	0.298978	
0.209314	1.30001	0.29823	
0.211886	1.30001	0.297409	
0.214452	1.30001	0.296565	
0.217012	1.30001	0.295688	
0.219565	1.30001	0.294803	
0.222111	1.30001	0.293915	
0.224651	1.30001	0.292972	
0.227185	1.30001	0.292061	
0.229712	1.30001	0.29113	
0.232233	1.30001	0.290173	
0.234747	1.30001	0.289203	
0.237256	1.30001	0.288229	
0.239758	1.30001	0.287249	
0.242253	1.30001	0.286271	
0.244743	1.30001	0.285272	
0.247226	1.30001	0.284256	
0.249703	1.30001	0.283218	
0.252174	1.30001	0.282171	
0.254639	1.30001	0.281122	
0.257098	1.30001	0.280388	
0.25955	1.30001	0.279018	
0.261997	1.30001	0.277953	
0.264438	1.30001	0.27688	
0.266873	1.30001	0.275589	
0.269302	1.30001	0.274492	
0.271725	1.30001	0.273578	
0.274142	1.30001	0.27247	
0.276553	1.30001	0.271359	
0.278959	1.30001	0.270245	
0.281359	1.30001	0.269126	
0.283753	1.30001	0.268003	
0.286141	1.30001	0.26688	
0.288524	1.30001	0.265739	
0.290901	1.30001	0.264594	
0.293272	1.30001	0.263449	
0.295638	1.30001	0.262305	
0.297998	1.30001	0.26116	
0.300353	1.30001	0.260015	
0.302702	1.30001	0.258868	
0.305045	1.30001	0.257719	
0.307384	1.30001	0.256569	
0.309716	1.30001	0.255416	
0.312043	1.30001	0.254259	
0.314365	1.30001	0.253266	
0.316682	1.30001	0.251955	
0.318993	1.30001	0.250804	
0.321298	1.30001	0.249655	
0.323599	1.30001	0.248508	
0.325894	1.30001	0.247363	
0.328184	1.30001	0.24622	
0.330469	1.30001	0.245078	
0.332748	1.30001	0.243939	
0.335022	1.30001	0.2428	
0.337292	1.30001	0.241663	
0.339556	1.30001	0.24053	
0.341814	1.30001	0.239404	
0.344068	1.30001	0.238279	
0.346317	1.30001	0.237158	
0.348561	1.30001	0.23604	
0.350799	1.30001	0.234928	
0.353033	1.30001	0.233819	
0.355262	1.30001	0.232716	
0.357485	1.30001	0.231617	
0.359704	1.30001	0.230524	
0.361918	1.30001	0.229435	
0.364127	1.30001	0.228353	
0.366331	1.30001	0.227273	
0.36853	1.30001	0.226199	
0.370725	1.30001	0.22513	
0.372914	1.30001	0.224066	
0.375099	1.30001	0.223009	
0.377279	1.30001	0.221956	
0.379454	1.30001	0.22091	
0.381625	1.30001	0.219871	
0.383791	1.30001	0.218838	
0.385952	1.30001	0.217812	
0.388109	1.30001	0.216792	
0.390261	1.30001	0.215781	
0.392408	1.30001	0.214777	
0.394551	1.30001	0.213777	
0.396689	1.30001	0.212783	
0.398822	1.30001	0.211795	
0.400951	1.30001	0.210814	
0.403076	1.30001	0.209838	
0.405196	1.30001	0.208869	
0.407311	1.30001	0.207906	
0.409423	1.30001	0.20695	
0.411529	1.30001	0.206001	
0.413631	1.30001	0.20506	
0.415729	1.30001	0.204125	
0.417822	1.30001	0.203199	
0.419911	1.30001	0.202281	
0.421996	1.30001	0.201371	
0.424076	1.30001	0.200471	
0.426152	1.30001	0.199576	
0.428224	1.30001	0.198687	
0.430291	1.30001	0.197804	
0.432355	1.30001	0.196927	
0.434413	1.30001	0.196056	
0.436468	1.30001	0.195191	
0.438519	1.30001	0.194333	
0.440565	1.30001	0.193481	
0.442607	1.30001	0.192635	
0.444645	1.30001	0.191797	
0.446679	1.30001	0.190966	
0.448708	1.30001	0.190148	
0.450734	1.30001	0.189331	
0.452755	1.30001	0.188522	
0.454773	1.30001	0.187721	
0.456786	1.30001	0.186928	
0.458795	1.30001	0.186139	
0.4608	1.30001	0.185365	
0.462801	1.30001	0.184596	
0.464799	1.30001	0.183832	
0.466792	1.30001	0.183073	
0.468781	1.30001	0.182319	
0.470766	1.30001	0.181567	
0.472748	1.30001	0.180824	
0.474725	1.30001	0.180086	
0.476699	1.30001	0.179355	
0.478669	1.30001	0.178629	
0.480634	1.30001	0.177909	
0.482596	1.30001	0.177196	
0.484554	1.30001	0.176488	
0.486509	1.30001	0.175787	
0.488459	1.30001	0.175093	
0.490406	1.30001	0.174405	
0.492349	1.30001	0.173725	
0.494288	1.30001	0.173051	
0.496223	1.30001	0.172386	
0.498155	1.30001	0.171728	
0.500083	1.30001	0.171079	
0.502007	1.30001	0.170438	
0.503927	1.30001	0.169801	
0.505844	1.30001	0.169167	
0.507757	1.30001	0.168538	
0.509667	1.30001	0.167913	
0.511573	1.30001	0.167292	
0.513475	1.30001	0.166675	
0.515373	1.30001	0.166063	
0.517269	1.30001	0.165456	
0.51916	1.30001	0.164858	
0.521048	1.30001	0.16426	
0.522932	1.30001	0.163667	
0.524813	1.30001	0.163078	
0.52669	1.30001	0.162495	
0.528564	1.30001	0.161916	
0.530434	1.30001	0.161339	
0.532301	1.30001	0.160771	
0.534164	1.30001	0.160209	
0.536024	1.30001	0.159653	
0.53788	1.30001	0.159102	
0.539733	1.30001	0.158558	
0.541582	1.30001	0.15802	
0.543428	1.30001	0.157488	
0.545271	1.30001	0.156964	
0.54711	1.30001	0.156448	
0.548946	1.30001	0.155936	
0.550779	1.30001	0.155427	
0.552608	1.30001	0.15492	
0.554434	1.30001	0.154417	
0.556256	1.30001	0.153916	
0.558075	1.30001	0.153418	
0.559891	1.30001	0.152923	
0.561704	1.30001	0.152432	
0.563513	1.30001	0.151944	
0.565319	1.30001	0.151459	
0.567122	1.30001	0.150977	
0.568922	1.30001	0.150499	
0.570718	1.30001	0.150024	
0.572511	1.30001	0.149552	
0.574301	1.30001	0.149085	
0.576087	1.30001	0.148621	
0.577871	1.30001	0.14816	
0.579651	1.30001	0.147704	
0.581428	1.30001	0.147251	
0.583202	1.30001	0.146802	
0.584973	1.30001	0.146358	
0.586741	1.30001	0.145917	
0.588506	1.30001	0.145481	
0.590267	1.30001	0.14505	
0.592025	1.30001	0.144623	
0.593781	1.30001	0.144201	
0.595533	1.30001	0.143785	
0.597282	1.30001	0.143374	
0.599028	1.30001	0.142969	
0.600771	1.30001	0.142568	
0.602511	1.30001	0.14217	
0.604248	1.30001	0.141773	
0.605982	1.30001	0.141371	
0.607713	1.30001	0.140979	
0.609441	1.30001	0.140598	
0.611166	1.30001	0.140211	
0.612889	1.30001	0.139826	
0.614608	1.30001	0.139443	
0.616324	1.30001	0.139063	
0.618037	1.30001	0.138685	
0.619747	1.30001	0.138309	
0.621455	1.30001	0.137936	
0.623159	1.30001	0.137564	
0.624861	1.30001	0.137194	
0.626559	1.30001	0.136828	
0.628255	1.30001	0.136464	
0.629948	1.30001	0.136102	
0.631638	1.30001	0.135742	
0.633325	1.30001	0.135385	
0.63501	1.30001	0.135029	
0.636691	1.30001	0.134677	
0.63837	1.30001	0.134326	
0.640046	1.30001	0.133978	
0.641719	1.30001	0.133631	
0.643389	1.30001	0.133279	
0.645057	1.30001	0.132937	
0.646721	1.30001	0.132598	
0.648383	1.30001	0.132262	
0.650042	1.30001	0.131927	
0.651699	1.30001	0.131596	
0.653353	1.30001	0.131266	
0.655004	1.30001	0.13094	
0.656652	1.30001	0.130616	
0.658297	1.30001	0.130294	
0.65994	1.30001	0.129975	
0.66158	1.30001	0.129658	
0.663218	1.30001	0.129342	
0.664853	1.30001	0.129029	
0.666485	1.30001	0.128717	
0.668114	1.30001	0.128407	
0.669741	1.30001	0.128099	
0.671365	1.30001	0.127792	
0.672987	1.30001	0.127488	
0.674606	1.30001	0.127185	
0.676222	1.30001	0.126885	
0.677836	1.30001	0.126586	
0.679447	1.30001	0.12629	
0.681055	1.30001	0.125996	
0.682661	1.30001	0.125704	
0.684265	1.30001	0.125413	
0.685865	1.30001	0.125124	
0.687464	1.30001	0.124836	
0.689059	1.30001	0.124549	
0.690652	1.30001	0.124264	
0.692243	1.30001	0.12398	
0.693831	1.30001	0.123697	
0.695416	1.30001	0.123416	
0.697	1.30001	0.123137	
0.69858	1.30001	0.122859	
0.700158	1.30001	0.122583	
0.701734	1.30001	0.122308	
0.703307	1.30001	0.122036	
0.704877	1.30001	0.121766	
0.706445	1.30001	0.121497	
0.708011	1.30001	0.121229	
0.709574	1.30001	0.120962	
0.711135	1.30001	0.120696	
0.712694	1.30001	0.120431	
0.714249	1.30001	0.120167	
0.715803	1.30001	0.119905	
0.717354	1.30001	0.119643	
0.718903	1.30001	0.119383	
0.720449	1.30001	0.119124	
0.721993	1.30001	0.118867	
0.723535	1.30001	0.11861	
0.725074	1.30001	0.118355	
0.726611	1.30001	0.118102	
0.728145	1.30001	0.117851	
0.729677	1.30001	0.117601	
0.731207	1.30001	0.117352	
0.732734	1.30001	0.117104	
0.734259	1.30001	0.116857	
0.735782	1.30001	0.116611	
0.737303	1.30001	0.116365	
0.738821	1.30001	0.116121	
0.740337	1.30001	0.115877	
0.74185	1.30001	0.115634	
0.743361	1.30001	0.115392	
0.74487	1.30001	0.115152	
0.746377	1.30001	0.114912	
0.747882	1.30001	0.114673	
0.749384	1.30001	0.114436	
0.750884	1.30001	0.114199	
0.752381	1.30001	0.113964	
0.753877	1.30001	0.113731	
0.75537	1.30001	0.113499	
0.756861	1.30001	0.113267	
0.75835	1.30001	0.113037	
0.759836	1.30001	0.112807	
0.761321	1.30001	0.112578	
0.762803	1.30001	0.112349	
0.764283	1.30001	0.112121	
0.76576	1.30001	0.111894	
0.767236	1.30001	0.111667	
0.768709	1.30001	0.111441	
0.770181	1.30001	0.111216	
0.77165	1.30001	0.110991	
0.773117	1.30001	0.110768	
0.774581	1.30001	0.110545	
0.776044	1.30001	0.110324	
0.777505	1.30001	0.110103	
0.778963	1.30001	0.109883	
0.780419	1.30001	0.109665	
0.781873	1.30001	0.109447	
0.783325	1.30001	0.109231	
0.784775	1.30001	0.109016	
0.786223	1.30001	0.108801	
0.787669	1.30001	0.108586	
0.789112	1.30001	0.108372	
0.790554	1.30001	0.108159	
0.791993	1.30001	0.107945	
0.793431	1.30001	0.107733	
0.794866	1.30001	0.107521	
0.796299	1.30001	0.107309	
0.797731	1.30001	0.107099	
0.79916	1.30001	0.106888	
0.800587	1.30001	0.106679	
0.802012	1.30001	0.10647	
0.803435	1.30001	0.106262	
0.804856	1.30001	0.106054	
0.806275	1.30001	0.105848	
0.807692	1.30001	0.105642	
0.809107	1.30001	0.105437	
0.81052	1.30001	0.105233	
0.811931	1.30001	0.105031	
0.81334	1.30001	0.104829	
0.814748	1.30001	0.104627	
0.816153	1.30001	0.104426	
0.817556	1.30001	0.104225	
0.818957	1.30001	0.104024	
0.820356	1.30001	0.103824	
0.821753	1.30001	0.103624	
0.823149	1.30001	0.103424	
0.824542	1.30001	0.103225	
0.825933	1.30001	0.103027	
0.827323	1.30001	0.102829	
0.82871	1.30001	0.102631	
0.830096	1.30001	0.102434	
0.83148	1.30001	0.102237	
0.832861	1.30001	0.102041	
0.834241	1.30001	0.101846	
0.835619	1.30001	0.101651	
0.836995	1.30001	0.101457	
0.83837	1.30001	0.101263	
0.839742	1.30001	0.101071	
0.841112	1.30001	0.100879	
0.842481	1.30001	0.100688	
0.843848	1.30001	0.100498	
0.845212	1.30001	0.100308	
0.846575	1.30001	0.100118	
0.847936	1.30001	0.0999291	
0.849296	1.30001	0.0997401	
0.850653	1.30001	0.0995514	
0.852009	1.30001	0.099363	
0.853362	1.30001	0.099175	
0.854714	1.30001	0.0989872	
0.856064	1.30001	0.0987998	
0.857413	1.30001	0.0986128	
0.858759	1.30001	0.0984262	
0.860104	1.30001	0.09824	
0.861447	1.30001	0.0980542	
0.862788	1.30001	0.0978688	
0.864127	1.30001	0.0976838	
0.865464	1.30001	0.0974993	
0.8668	1.30001	0.0973154	
0.868134	1.30001	0.0971319	
0.869466	1.30001	0.096949	
0.870796	1.30001	0.0967667	
0.872125	1.30001	0.0965853	
0.873451	1.30001	0.0964042	
0.874777	1.30001	0.0962239	
0.8761	1.30001	0.0960445	
0.877421	1.30001	0.0958657	
0.878741	1.30001	0.0956872	
0.880059	1.30001	0.0955053	
0.881375	1.30001	0.0953267	
0.88269	1.30001	0.0951482	
0.884003	1.30001	0.0949701	
0.885314	1.30001	0.0947923	
0.886623	1.30001	0.0946147	
0.887931	1.30001	0.0944374	
0.889237	1.30001	0.0942603	
0.890541	1.30001	0.0940836	
0.891844	1.30001	0.0939071	
0.893145	1.30001	0.093731	
0.894444	1.30001	0.0935552	
0.895742	1.30001	0.0933798	
0.897038	1.30001	0.0932047	
0.898332	1.30001	0.0930299	
0.899624	1.30001	0.0928555	
0.900915	1.30001	0.0926816	
0.902204	1.30001	0.092508	
0.903492	1.30001	0.0923349	
0.904777	1.30001	0.0921622	
0.906062	1.30001	0.0919901	
0.907344	1.30001	0.0918184	
0.908625	1.30001	0.0916473	
0.909904	1.30001	0.0914768	
0.911182	1.30001	0.0913072	
0.912458	1.30001	0.091138	
0.913732	1.30001	0.0909689	
0.915005	1.30001	0.0908	
0.916276	1.30001	0.0906312	
0.917546	1.30001	0.0904627	
0.918814	1.30001	0.0902943	
0.92008	1.30001	0.0901262	
0.921345	1.30001	0.0899582	
0.922608	1.30001	0.0897905	
0.923869	1.30001	0.089623	
0.925129	1.30001	0.0894558	
0.926388	1.30001	0.0892888	
0.927644	1.30001	0.089122	
0.9289	1.30001	0.0889555	
0.930153	1.30001	0.0887893	
0.931405	1.30001	0.0886233	
0.932656	1.30001	0.0884577	
0.933905	1.30001	0.0882923	
0.935152	1.30001	0.0881273	
0.936398	1.30001	0.0879626	
0.937642	1.30001	0.0877983	
0.938885	1.30001	0.0876343	
0.940126	1.30001	0.0874706	
0.941365	1.30001	0.0873074	
0.942604	1.30001	0.0871445	
0.94384	1.30001	0.0869821	
0.945075	1.30001	0.0868201	
0.946309	1.30001	0.0866586	
0.947541	1.30001	0.0864976	
0.948771	1.30001	0.0863373	
