X	Q2	theory
0.001	1.69001	0.555488	
0.00416757	1.69001	0.737204	
0.00732515	1.69001	0.807448	
0.0104728	1.69001	0.847642	
0.0136105	1.69001	0.874296	
0.0167385	1.69001	0.893202	
0.0198567	1.69001	0.907696	
0.0229652	1.69001	0.918586	
0.026064	1.69001	0.927298	
0.0291533	1.69001	0.934508	
0.0322331	1.69001	0.94061	
0.0353034	1.69001	0.946144	
0.0383643	1.69001	0.951202	
0.0414159	1.69001	0.955616	
0.0444582	1.69001	0.959672	
0.0474913	1.69001	0.963254	
0.0505152	1.69001	0.968158	
0.0535299	1.69001	0.9697	
0.0565357	1.69001	0.972906	
0.0595324	1.69001	0.975726	
0.0625201	1.69001	0.978526	
0.065499	1.69001	0.980989	
0.068469	1.69001	0.983295	
0.0714302	1.69001	0.985548	
0.0743827	1.69001	0.987738	
0.0773265	1.69001	0.989865	
0.0802616	1.69001	0.991944	
0.0831882	1.69001	0.993994	
0.0861062	1.69001	0.995944	
0.0890157	1.69001	0.997672	
0.0919168	1.69001	0.99932	
0.0948095	1.69001	1.00099	
0.0976938	1.69001	1.00262	
0.10057	1.69001	1.00406	
0.103438	1.69001	1.00557	
0.106297	1.69001	1.00691	
0.109149	1.69001	1.00824	
0.111992	1.69001	1.00965	
0.114827	1.69001	1.01103	
0.117655	1.69001	1.01241	
0.120474	1.69001	1.01366	
0.123285	1.69001	1.01488	
0.126089	1.69001	1.01605	
0.128884	1.69001	1.01717	
0.131672	1.69001	1.01824	
0.134452	1.69001	1.01924	
0.137225	1.69001	1.02018	
0.139989	1.69001	1.02107	
0.142747	1.69001	1.02191	
0.145496	1.69001	1.02269	
0.148238	1.69001	1.02339	
0.150973	1.69001	1.02411	
0.1537	1.69001	1.02468	
0.156419	1.69001	1.02512	
0.159131	1.69001	1.02534	
0.161836	1.69001	1.02588	
0.164534	1.69001	1.02614	
0.167224	1.69001	1.0264	
0.169907	1.69001	1.02668	
0.172583	1.69001	1.02692	
0.175252	1.69001	1.02706	
0.177914	1.69001	1.02729	
0.180569	1.69001	1.02738	
0.183216	1.69001	1.02747	
0.185857	1.69001	1.02758	
0.18849	1.69001	1.02772	
0.191117	1.69001	1.028	
0.193737	1.69001	1.02755	
0.19635	1.69001	1.02764	
0.198956	1.69001	1.02751	
0.201556	1.69001	1.02735	
0.204148	1.69001	1.02707	
0.206734	1.69001	1.02675	
0.209314	1.69001	1.02625	
0.211886	1.69001	1.02599	
0.214452	1.69001	1.02552	
0.217012	1.69001	1.02501	
0.219565	1.69001	1.02452	
0.222111	1.69001	1.02399	
0.224651	1.69001	1.02348	
0.227185	1.69001	1.02302	
0.229712	1.69001	1.02256	
0.232233	1.69001	1.02206	
0.234747	1.69001	1.02148	
0.237256	1.69001	1.02089	
0.239758	1.69001	1.0203	
0.242253	1.69001	1.02047	
0.244743	1.69001	1.01906	
0.247226	1.69001	1.0184	
0.249703	1.69001	1.01778	
0.252174	1.69001	1.01788	
0.254639	1.69001	1.01647	
0.257098	1.69001	1.01569	
0.25955	1.69001	1.01485	
0.261997	1.69001	1.01397	
0.264438	1.69001	1.01307	
0.266873	1.69001	1.01216	
0.269302	1.69001	1.01125	
0.271725	1.69001	1.01037	
0.274142	1.69001	1.00949	
0.276553	1.69001	1.00861	
0.278959	1.69001	1.00775	
0.281359	1.69001	1.00686	
0.283753	1.69001	1.00596	
0.286141	1.69001	1.00505	
0.288524	1.69001	1.00414	
0.290901	1.69001	1.00324	
0.293272	1.69001	1.00235	
0.295638	1.69001	1.00148	
0.297998	1.69001	1.00062	
0.300353	1.69001	0.999727	
0.302702	1.69001	0.998794	
0.305045	1.69001	0.997868	
0.307384	1.69001	0.996926	
0.309716	1.69001	0.995974	
0.312043	1.69001	0.995017	
0.314365	1.69001	0.994928	
0.316682	1.69001	0.992506	
0.318993	1.69001	0.992068	
0.321298	1.69001	0.991108	
0.323599	1.69001	0.990132	
0.325894	1.69001	0.989124	
0.328184	1.69001	0.988114	
0.330469	1.69001	0.987111	
0.332748	1.69001	0.986102	
0.335022	1.69001	0.985103	
0.337292	1.69001	0.984109	
0.339556	1.69001	0.983118	
0.341814	1.69001	0.982134	
0.344068	1.69001	0.981151	
0.346317	1.69001	0.980198	
0.348561	1.69001	0.979241	
0.350799	1.69001	0.978276	
0.353033	1.69001	0.977293	
0.355262	1.69001	0.976288	
0.357485	1.69001	0.975283	
0.359704	1.69001	0.974278	
0.361918	1.69001	0.973271	
0.364127	1.69001	0.97227	
0.366331	1.69001	0.971266	
0.36853	1.69001	0.970282	
0.370725	1.69001	0.969319	
0.372914	1.69001	0.968387	
0.375099	1.69001	0.967488	
0.377279	1.69001	0.966589	
0.379454	1.69001	0.965693	
0.381625	1.69001	0.964802	
0.383791	1.69001	0.963914	
0.385952	1.69001	0.963036	
0.388109	1.69001	0.962159	
0.390261	1.69001	0.961284	
0.392408	1.69001	0.960413	
0.394551	1.69001	0.959522	
0.396689	1.69001	0.958636	
0.398822	1.69001	0.957754	
0.400951	1.69001	0.956888	
0.403076	1.69001	0.956023	
0.405196	1.69001	0.955244	
0.407311	1.69001	0.954271	
0.409423	1.69001	0.953481	
0.411529	1.69001	0.952621	
0.413631	1.69001	0.951799	
0.415729	1.69001	0.951046	
0.417822	1.69001	0.950268	
0.419911	1.69001	0.949462	
0.421996	1.69001	0.948703	
0.424076	1.69001	0.947954	
0.426152	1.69001	0.947214	
0.428224	1.69001	0.946485	
0.430291	1.69001	0.945766	
0.432355	1.69001	0.945055	
0.434413	1.69001	0.944348	
0.436468	1.69001	0.943633	
0.438519	1.69001	0.942919	
0.440565	1.69001	0.942215	
0.442607	1.69001	0.941512	
0.444645	1.69001	0.940816	
0.446679	1.69001	0.940157	
0.448708	1.69001	0.939473	
0.450734	1.69001	0.938796	
0.452755	1.69001	0.938124	
0.454773	1.69001	0.93746	
0.456786	1.69001	0.936806	
0.458795	1.69001	0.936162	
0.4608	1.69001	0.935526	
0.462801	1.69001	0.934897	
0.464799	1.69001	0.934278	
0.466792	1.69001	0.933666	
0.468781	1.69001	0.933062	
0.470766	1.69001	0.932464	
0.472748	1.69001	0.931876	
0.474725	1.69001	0.93129	
0.476699	1.69001	0.930713	
0.478669	1.69001	0.930148	
0.480634	1.69001	0.929592	
0.482596	1.69001	0.929039	
0.484554	1.69001	0.92849	
0.486509	1.69001	0.927946	
0.488459	1.69001	0.927405	
0.490406	1.69001	0.926866	
0.492349	1.69001	0.926331	
0.494288	1.69001	0.925798	
0.496223	1.69001	0.925266	
0.498155	1.69001	0.924737	
0.500083	1.69001	0.924192	
0.502007	1.69001	0.923647	
0.503927	1.69001	0.923104	
0.505844	1.69001	0.922563	
0.507757	1.69001	0.922024	
0.509667	1.69001	0.921486	
0.511573	1.69001	0.920952	
0.513475	1.69001	0.92042	
0.515373	1.69001	0.919893	
0.517269	1.69001	0.919371	
0.51916	1.69001	0.918854	
0.521048	1.69001	0.918352	
0.522932	1.69001	0.917863	
0.524813	1.69001	0.91738	
0.52669	1.69001	0.916902	
0.528564	1.69001	0.916426	
0.530434	1.69001	0.915957	
0.532301	1.69001	0.915491	
0.534164	1.69001	0.915025	
0.536024	1.69001	0.914562	
0.53788	1.69001	0.914101	
0.539733	1.69001	0.91401	
0.541582	1.69001	0.913542	
0.543428	1.69001	0.913079	
0.545271	1.69001	0.912257	
0.54711	1.69001	0.911821	
0.548946	1.69001	0.911362	
0.550779	1.69001	0.910904	
0.552608	1.69001	0.910398	
0.554434	1.69001	0.90997	
0.556256	1.69001	0.909518	
0.558075	1.69001	0.909068	
0.559891	1.69001	0.90862	
0.561704	1.69001	0.908173	
0.563513	1.69001	0.907726	
0.565319	1.69001	0.907276	
0.567122	1.69001	0.90683	
0.568922	1.69001	0.906382	
0.570718	1.69001	0.905934	
0.572511	1.69001	0.905486	
0.574301	1.69001	0.905039	
0.576087	1.69001	0.904594	
0.577871	1.69001	0.904143	
0.579651	1.69001	0.903696	
0.581428	1.69001	0.903248	
0.583202	1.69001	0.902808	
0.584973	1.69001	0.902362	
0.586741	1.69001	0.901819	
0.588506	1.69001	0.901372	
0.590267	1.69001	0.900922	
0.592025	1.69001	0.90048	
0.593781	1.69001	0.900061	
0.595533	1.69001	0.899624	
0.597282	1.69001	0.899188	
0.599028	1.69001	0.898734	
0.600771	1.69001	0.898389	
0.602511	1.69001	0.897982	
0.604248	1.69001	0.897554	
0.605982	1.69001	0.897134	
0.607713	1.69001	0.896803	
0.609441	1.69001	0.8963	
0.611166	1.69001	0.895868	
0.612889	1.69001	0.895553	
0.614608	1.69001	0.895149	
0.616324	1.69001	0.894748	
0.618037	1.69001	0.894348	
0.619747	1.69001	0.893862	
0.621455	1.69001	0.893466	
0.623159	1.69001	0.893074	
0.624861	1.69001	0.892683	
0.626559	1.69001	0.892295	
0.628255	1.69001	0.891907	
0.629948	1.69001	0.891521	
0.631638	1.69001	0.891136	
0.633325	1.69001	0.890752	
0.63501	1.69001	0.890373	
0.636691	1.69001	0.890084	
0.63837	1.69001	0.88971	
0.640046	1.69001	0.889339	
0.641719	1.69001	0.888993	
0.643389	1.69001	0.88863	
0.645057	1.69001	0.888269	
0.646721	1.69001	0.887816	
0.648383	1.69001	0.887435	
0.650042	1.69001	0.88708	
0.651699	1.69001	0.886728	
0.653353	1.69001	0.886377	
0.655004	1.69001	0.886027	
0.656652	1.69001	0.88568	
0.658297	1.69001	0.885334	
0.65994	1.69001	0.884991	
0.66158	1.69001	0.884648	
0.663218	1.69001	0.884307	
0.664853	1.69001	0.883969	
0.666485	1.69001	0.88363	
0.668114	1.69001	0.883294	
0.669741	1.69001	0.882955	
0.671365	1.69001	0.882617	
0.672987	1.69001	0.882278	
0.674606	1.69001	0.88194	
0.676222	1.69001	0.881607	
0.677836	1.69001	0.881277	
0.679447	1.69001	0.880952	
0.681055	1.69001	0.880633	
0.682661	1.69001	0.880316	
0.684265	1.69001	0.880007	
0.685865	1.69001	0.8797	
0.687464	1.69001	0.879398	
0.689059	1.69001	0.879101	
0.690652	1.69001	0.878807	
0.692243	1.69001	0.87852	
0.693831	1.69001	0.878235	
0.695416	1.69001	0.877954	
0.697	1.69001	0.877677	
0.69858	1.69001	0.877405	
0.700158	1.69001	0.877138	
0.701734	1.69001	0.876874	
0.703307	1.69001	0.876613	
0.704877	1.69001	0.876356	
0.706445	1.69001	0.876101	
0.708011	1.69001	0.875847	
0.709574	1.69001	0.875596	
0.711135	1.69001	0.875347	
0.712694	1.69001	0.875097	
0.714249	1.69001	0.874846	
0.715803	1.69001	0.874591	
0.717354	1.69001	0.874339	
0.718903	1.69001	0.874094	
0.720449	1.69001	0.873857	
0.721993	1.69001	0.873626	
0.723535	1.69001	0.873401	
0.725074	1.69001	0.873182	
0.726611	1.69001	0.872971	
0.728145	1.69001	0.872766	
0.729677	1.69001	0.872568	
0.731207	1.69001	0.872377	
0.732734	1.69001	0.872193	
0.734259	1.69001	0.872014	
0.735782	1.69001	0.871841	
0.737303	1.69001	0.871677	
0.738821	1.69001	0.871516	
0.740337	1.69001	0.871362	
0.74185	1.69001	0.871213	
0.743361	1.69001	0.871232	
0.74487	1.69001	0.871093	
0.746377	1.69001	0.870959	
0.747882	1.69001	0.870828	
0.749384	1.69001	0.870703	
0.750884	1.69001	0.870581	
0.752381	1.69001	0.870307	
0.753877	1.69001	0.870193	
0.75537	1.69001	0.870083	
0.756861	1.69001	0.869974	
0.75835	1.69001	0.869866	
0.759836	1.69001	0.869757	
0.761321	1.69001	0.869645	
0.762803	1.69001	0.869544	
0.764283	1.69001	0.869455	
0.76576	1.69001	0.869374	
0.767236	1.69001	0.869304	
0.768709	1.69001	0.869245	
0.770181	1.69001	0.869195	
0.77165	1.69001	0.869156	
0.773117	1.69001	0.869127	
0.774581	1.69001	0.869108	
0.776044	1.69001	0.869099	
0.777505	1.69001	0.8691	
0.778963	1.69001	0.869112	
0.780419	1.69001	0.869133	
0.781873	1.69001	0.869163	
0.783325	1.69001	0.869204	
0.784775	1.69001	0.869255	
0.786223	1.69001	0.869315	
0.787669	1.69001	0.869384	
0.789112	1.69001	0.869462	
0.790554	1.69001	0.869548	
0.791993	1.69001	0.869642	
0.793431	1.69001	0.869745	
0.794866	1.69001	0.869855	
0.796299	1.69001	0.869973	
0.797731	1.69001	0.8701	
0.79916	1.69001	0.870233	
0.800587	1.69001	0.870373	
0.802012	1.69001	0.87052	
0.803435	1.69001	0.870671	
0.804856	1.69001	0.870829	
0.806275	1.69001	0.870989	
0.807692	1.69001	0.87115	
0.809107	1.69001	0.871312	
0.81052	1.69001	0.871488	
0.811931	1.69001	0.871682	
0.81334	1.69001	0.871884	
0.814748	1.69001	0.872092	
0.816153	1.69001	0.872317	
0.817556	1.69001	0.872558	
0.818957	1.69001	0.872817	
0.820356	1.69001	0.873094	
0.821753	1.69001	0.873389	
0.823149	1.69001	0.873702	
0.824542	1.69001	0.874035	
0.825933	1.69001	0.874387	
0.827323	1.69001	0.874758	
0.82871	1.69001	0.87515	
0.830096	1.69001	0.875563	
0.83148	1.69001	0.875996	
0.832861	1.69001	0.876451	
0.834241	1.69001	0.876928	
0.835619	1.69001	0.877428	
0.836995	1.69001	0.877975	
0.83837	1.69001	0.878552	
0.839742	1.69001	0.879152	
0.841112	1.69001	0.879775	
0.842481	1.69001	0.880419	
0.843848	1.69001	0.881085	
0.845212	1.69001	0.881772	
0.846575	1.69001	0.882477	
0.847936	1.69001	0.883204	
0.849296	1.69001	0.88395	
0.850653	1.69001	0.884716	
0.852009	1.69001	0.885499	
0.853362	1.69001	0.8863	
0.854714	1.69001	0.887118	
0.856064	1.69001	0.887951	
0.857413	1.69001	0.888796	
0.858759	1.69001	0.889653	
0.860104	1.69001	0.89049	
0.861447	1.69001	0.89134	
0.862788	1.69001	0.89222	
0.864127	1.69001	0.893128	
0.865464	1.69001	0.894068	
0.8668	1.69001	0.895038	
0.868134	1.69001	0.896039	
0.869466	1.69001	0.897072	
0.870796	1.69001	0.898137	
0.872125	1.69001	0.899237	
0.873451	1.69001	0.900371	
0.874777	1.69001	0.901542	
0.8761	1.69001	0.902749	
0.877421	1.69001	0.903992	
0.878741	1.69001	0.905274	
0.880059	1.69001	0.906595	
0.881375	1.69001	0.907956	
0.88269	1.69001	0.909359	
0.884003	1.69001	0.910811	
0.885314	1.69001	0.912305	
0.886623	1.69001	0.913843	
0.887931	1.69001	0.915424	
0.889237	1.69001	0.917053	
0.890541	1.69001	0.918727	
0.891844	1.69001	0.920449	
0.893145	1.69001	0.922218	
0.894444	1.69001	0.924036	
0.895742	1.69001	0.925903	
0.897038	1.69001	0.927822	
0.898332	1.69001	0.929792	
0.899624	1.69001	0.931815	
0.900915	1.69001	0.933891	
0.902204	1.69001	0.936022	
0.903492	1.69001	0.938208	
0.904777	1.69001	0.940451	
0.906062	1.69001	0.942751	
0.907344	1.69001	0.945114	
0.908625	1.69001	0.947536	
0.909904	1.69001	0.950014	
0.911182	1.69001	0.952553	
0.912458	1.69001	0.95515	
0.913732	1.69001	0.957802	
0.915005	1.69001	0.960523	
0.916276	1.69001	0.963322	
0.917546	1.69001	0.966204	
0.918814	1.69001	0.969169	
0.92008	1.69001	0.97222	
0.921345	1.69001	0.975359	
0.922608	1.69001	0.978589	
0.923869	1.69001	0.98191	
0.925129	1.69001	0.985325	
0.926388	1.69001	0.988837	
0.927644	1.69001	0.992448	
0.9289	1.69001	0.996161	
0.930153	1.69001	1.00001	
0.931405	1.69001	1.00399	
0.932656	1.69001	1.00807	
0.933905	1.69001	1.01226	
0.935152	1.69001	1.01657	
0.936398	1.69001	1.02099	
0.937642	1.69001	1.02554	
0.938885	1.69001	1.0302	
0.940126	1.69001	1.03498	
0.941365	1.69001	1.03989	
0.942604	1.69001	1.04493	
0.94384	1.69001	1.0501	
0.945075	1.69001	1.05541	
0.946309	1.69001	1.06085	
0.947541	1.69001	1.06643	
0.948771	1.69001	1.07215	
