X	Q2	theory
0.001	1.69001	0.555488	
0.00416757	1.69001	0.737204	
0.00732515	1.69001	0.807448	
0.0104728	1.69001	0.847641	
0.0136105	1.69001	0.874295	
0.0167385	1.69001	0.893202	
0.0198567	1.69001	0.907698	
0.0229652	1.69001	0.918591	
0.026064	1.69001	0.927306	
0.0291533	1.69001	0.934521	
0.0322331	1.69001	0.940628	
0.0353034	1.69001	0.946169	
0.0383643	1.69001	0.951234	
0.0414159	1.69001	0.955656	
0.0444582	1.69001	0.959722	
0.0474913	1.69001	0.963315	
0.0505152	1.69001	0.968229	
0.0535299	1.69001	0.969783	
0.0565357	1.69001	0.973001	
0.0595324	1.69001	0.975835	
0.0625201	1.69001	0.978648	
0.065499	1.69001	0.981123	
0.068469	1.69001	0.983443	
0.0714302	1.69001	0.985708	
0.0743827	1.69001	0.987909	
0.0773265	1.69001	0.990047	
0.0802616	1.69001	0.992135	
0.0831882	1.69001	0.994192	
0.0861062	1.69001	0.996147	
0.0890157	1.69001	0.997879	
0.0919168	1.69001	0.999529	
0.0948095	1.69001	1.0012	
0.0976938	1.69001	1.00282	
0.10057	1.69001	1.00426	
0.103438	1.69001	1.00575	
0.106297	1.69001	1.00708	
0.109149	1.69001	1.00839	
0.111992	1.69001	1.00978	
0.114827	1.69001	1.01114	
0.117655	1.69001	1.01249	
0.120474	1.69001	1.01371	
0.123285	1.69001	1.01489	
0.126089	1.69001	1.01603	
0.128884	1.69001	1.01711	
0.131672	1.69001	1.01813	
0.134452	1.69001	1.01908	
0.137225	1.69001	1.01997	
0.139989	1.69001	1.02081	
0.142747	1.69001	1.02159	
0.145496	1.69001	1.02231	
0.148238	1.69001	1.02295	
0.150973	1.69001	1.0236	
0.1537	1.69001	1.0241	
0.156419	1.69001	1.02447	
0.159131	1.69001	1.02462	
0.161836	1.69001	1.02508	
0.164534	1.69001	1.02526	
0.167224	1.69001	1.02544	
0.169907	1.69001	1.02563	
0.172583	1.69001	1.02579	
0.175252	1.69001	1.02585	
0.177914	1.69001	1.02599	
0.180569	1.69001	1.02599	
0.183216	1.69001	1.02599	
0.185857	1.69001	1.026	
0.18849	1.69001	1.02605	
0.191117	1.69001	1.02621	
0.193737	1.69001	1.0257	
0.19635	1.69001	1.02568	
0.198956	1.69001	1.02545	
0.201556	1.69001	1.02519	
0.204148	1.69001	1.0248	
0.206734	1.69001	1.02439	
0.209314	1.69001	1.02379	
0.211886	1.69001	1.02341	
0.214452	1.69001	1.02284	
0.217012	1.69001	1.02223	
0.219565	1.69001	1.02163	
0.222111	1.69001	1.021	
0.224651	1.69001	1.02039	
0.227185	1.69001	1.01982	
0.229712	1.69001	1.01925	
0.232233	1.69001	1.01864	
0.234747	1.69001	1.01796	
0.237256	1.69001	1.01727	
0.239758	1.69001	1.01657	
0.242253	1.69001	1.01655	
0.244743	1.69001	1.01513	
0.247226	1.69001	1.01437	
0.249703	1.69001	1.01364	
0.252174	1.69001	1.01353	
0.254639	1.69001	1.01212	
0.257098	1.69001	1.01123	
0.25955	1.69001	1.01029	
0.261997	1.69001	1.00931	
0.264438	1.69001	1.00831	
0.266873	1.69001	1.0073	
0.269302	1.69001	1.0063	
0.271725	1.69001	1.00531	
0.274142	1.69001	1.00433	
0.276553	1.69001	1.00335	
0.278959	1.69001	1.00239	
0.281359	1.69001	1.00141	
0.283753	1.69001	1.00041	
0.286141	1.69001	0.999405	
0.288524	1.69001	0.998403	
0.290901	1.69001	0.997403	
0.293272	1.69001	0.996421	
0.295638	1.69001	0.995454	
0.297998	1.69001	0.994492	
0.300353	1.69001	0.993508	
0.302702	1.69001	0.992486	
0.305045	1.69001	0.991469	
0.307384	1.69001	0.99044	
0.309716	1.69001	0.989401	
0.312043	1.69001	0.988357	
0.314365	1.69001	0.988177	
0.316682	1.69001	0.985682	
0.318993	1.69001	0.985151	
0.321298	1.69001	0.984101	
0.323599	1.69001	0.983037	
0.325894	1.69001	0.981948	
0.328184	1.69001	0.980855	
0.330469	1.69001	0.97977	
0.332748	1.69001	0.978682	
0.335022	1.69001	0.977606	
0.337292	1.69001	0.976535	
0.339556	1.69001	0.975467	
0.341814	1.69001	0.974407	
0.344068	1.69001	0.973349	
0.346317	1.69001	0.972317	
0.348561	1.69001	0.971281	
0.350799	1.69001	0.97024	
0.353033	1.69001	0.969181	
0.355262	1.69001	0.968104	
0.357485	1.69001	0.967028	
0.359704	1.69001	0.965952	
0.361918	1.69001	0.964876	
0.364127	1.69001	0.963807	
0.366331	1.69001	0.962738	
0.36853	1.69001	0.961686	
0.370725	1.69001	0.960655	
0.372914	1.69001	0.959653	
0.375099	1.69001	0.958683	
0.377279	1.69001	0.957715	
0.379454	1.69001	0.956752	
0.381625	1.69001	0.955794	
0.383791	1.69001	0.954841	
0.385952	1.69001	0.953897	
0.388109	1.69001	0.952956	
0.390261	1.69001	0.952018	
0.392408	1.69001	0.951085	
0.394551	1.69001	0.950132	
0.396689	1.69001	0.949184	
0.398822	1.69001	0.948241	
0.400951	1.69001	0.947312	
0.403076	1.69001	0.946385	
0.405196	1.69001	0.945545	
0.407311	1.69001	0.944507	
0.409423	1.69001	0.94366	
0.411529	1.69001	0.942746	
0.413631	1.69001	0.941863	
0.415729	1.69001	0.941041	
0.417822	1.69001	0.940203	
0.419911	1.69001	0.939349	
0.421996	1.69001	0.938532	
0.424076	1.69001	0.937725	
0.426152	1.69001	0.936927	
0.428224	1.69001	0.936141	
0.430291	1.69001	0.935364	
0.432355	1.69001	0.934595	
0.434413	1.69001	0.933831	
0.436468	1.69001	0.933057	
0.438519	1.69001	0.932287	
0.440565	1.69001	0.931525	
0.442607	1.69001	0.930764	
0.444645	1.69001	0.930012	
0.446679	1.69001	0.929288	
0.448708	1.69001	0.928547	
0.450734	1.69001	0.927814	
0.452755	1.69001	0.927087	
0.454773	1.69001	0.926367	
0.456786	1.69001	0.925659	
0.458795	1.69001	0.924961	
0.4608	1.69001	0.924271	
0.462801	1.69001	0.923589	
0.464799	1.69001	0.922915	
0.466792	1.69001	0.92225	
0.468781	1.69001	0.921591	
0.470766	1.69001	0.92094	
0.472748	1.69001	0.920297	
0.474725	1.69001	0.919658	
0.476699	1.69001	0.919028	
0.478669	1.69001	0.91841	
0.480634	1.69001	0.917801	
0.482596	1.69001	0.917196	
0.484554	1.69001	0.916596	
0.486509	1.69001	0.916001	
0.488459	1.69001	0.91541	
0.490406	1.69001	0.914822	
0.492349	1.69001	0.914239	
0.494288	1.69001	0.913658	
0.496223	1.69001	0.913079	
0.498155	1.69001	0.912503	
0.500083	1.69001	0.911912	
0.502007	1.69001	0.911322	
0.503927	1.69001	0.910734	
0.505844	1.69001	0.910148	
0.507757	1.69001	0.909565	
0.509667	1.69001	0.908984	
0.511573	1.69001	0.908408	
0.513475	1.69001	0.907835	
0.515373	1.69001	0.907267	
0.517269	1.69001	0.906705	
0.51916	1.69001	0.906149	
0.521048	1.69001	0.905609	
0.522932	1.69001	0.905084	
0.524813	1.69001	0.904564	
0.52669	1.69001	0.90405	
0.528564	1.69001	0.903541	
0.530434	1.69001	0.903037	
0.532301	1.69001	0.902537	
0.534164	1.69001	0.90204	
0.536024	1.69001	0.901546	
0.53788	1.69001	0.901055	
0.539733	1.69001	0.900973	
0.541582	1.69001	0.900477	
0.543428	1.69001	0.899987	
0.545271	1.69001	0.899104	
0.54711	1.69001	0.898647	
0.548946	1.69001	0.898165	
0.550779	1.69001	0.897685	
0.552608	1.69001	0.897154	
0.554434	1.69001	0.896708	
0.556256	1.69001	0.896238	
0.558075	1.69001	0.895771	
0.559891	1.69001	0.895307	
0.561704	1.69001	0.894845	
0.563513	1.69001	0.894383	
0.565319	1.69001	0.893922	
0.567122	1.69001	0.893463	
0.568922	1.69001	0.893004	
0.570718	1.69001	0.892547	
0.572511	1.69001	0.892092	
0.574301	1.69001	0.891638	
0.576087	1.69001	0.891187	
0.577871	1.69001	0.890733	
0.579651	1.69001	0.890284	
0.581428	1.69001	0.889835	
0.583202	1.69001	0.889394	
0.584973	1.69001	0.88895	
0.586741	1.69001	0.888444	
0.588506	1.69001	0.888001	
0.590267	1.69001	0.887559	
0.592025	1.69001	0.887123	
0.593781	1.69001	0.886705	
0.595533	1.69001	0.886276	
0.597282	1.69001	0.885851	
0.599028	1.69001	0.885416	
0.600771	1.69001	0.885052	
0.602511	1.69001	0.884651	
0.604248	1.69001	0.884239	
0.605982	1.69001	0.883833	
0.607713	1.69001	0.883485	
0.609441	1.69001	0.883032	
0.611166	1.69001	0.882628	
0.612889	1.69001	0.8823	
0.614608	1.69001	0.881917	
0.616324	1.69001	0.881539	
0.618037	1.69001	0.881163	
0.619747	1.69001	0.880735	
0.621455	1.69001	0.880366	
0.623159	1.69001	0.880002	
0.624861	1.69001	0.879641	
0.626559	1.69001	0.879283	
0.628255	1.69001	0.878928	
0.629948	1.69001	0.878576	
0.631638	1.69001	0.878227	
0.633325	1.69001	0.87788	
0.63501	1.69001	0.877538	
0.636691	1.69001	0.877256	
0.63837	1.69001	0.876921	
0.640046	1.69001	0.876591	
0.641719	1.69001	0.876278	
0.643389	1.69001	0.875956	
0.645057	1.69001	0.875638	
0.646721	1.69001	0.875263	
0.648383	1.69001	0.874936	
0.650042	1.69001	0.874627	
0.651699	1.69001	0.874322	
0.653353	1.69001	0.874019	
0.655004	1.69001	0.873718	
0.656652	1.69001	0.873421	
0.658297	1.69001	0.873127	
0.65994	1.69001	0.872836	
0.66158	1.69001	0.872547	
0.663218	1.69001	0.872261	
0.664853	1.69001	0.871979	
0.666485	1.69001	0.871698	
0.668114	1.69001	0.871421	
0.669741	1.69001	0.871144	
0.671365	1.69001	0.870869	
0.672987	1.69001	0.870596	
0.674606	1.69001	0.870327	
0.676222	1.69001	0.870061	
0.677836	1.69001	0.869799	
0.679447	1.69001	0.869543	
0.681055	1.69001	0.869292	
0.682661	1.69001	0.869045	
0.684265	1.69001	0.868805	
0.685865	1.69001	0.868568	
0.687464	1.69001	0.868337	
0.689059	1.69001	0.868111	
0.690652	1.69001	0.867889	
0.692243	1.69001	0.867673	
0.693831	1.69001	0.867462	
0.695416	1.69001	0.867254	
0.697	1.69001	0.867052	
0.69858	1.69001	0.866854	
0.700158	1.69001	0.866663	
0.701734	1.69001	0.866477	
0.703307	1.69001	0.866294	
0.704877	1.69001	0.866116	
0.706445	1.69001	0.865941	
0.708011	1.69001	0.86577	
0.709574	1.69001	0.865602	
0.711135	1.69001	0.865438	
0.712694	1.69001	0.865275	
0.714249	1.69001	0.865113	
0.715803	1.69001	0.864952	
0.717354	1.69001	0.864795	
0.718903	1.69001	0.864646	
0.720449	1.69001	0.864503	
0.721993	1.69001	0.864367	
0.723535	1.69001	0.864236	
0.725074	1.69001	0.864112	
0.726611	1.69001	0.863995	
0.728145	1.69001	0.863885	
0.729677	1.69001	0.863782	
0.731207	1.69001	0.863685	
0.732734	1.69001	0.863595	
0.734259	1.69001	0.863511	
0.735782	1.69001	0.863434	
0.737303	1.69001	0.863364	
0.738821	1.69001	0.8633	
0.740337	1.69001	0.863242	
0.74185	1.69001	0.863189	
0.743361	1.69001	0.863355	
0.74487	1.69001	0.863314	
0.746377	1.69001	0.863278	
0.747882	1.69001	0.863248	
0.749384	1.69001	0.863223	
0.750884	1.69001	0.863203	
0.752381	1.69001	0.862982	
0.753877	1.69001	0.862972	
0.75537	1.69001	0.862967	
0.756861	1.69001	0.862967	
0.75835	1.69001	0.862969	
0.759836	1.69001	0.862974	
0.761321	1.69001	0.86298	
0.762803	1.69001	0.862996	
0.764283	1.69001	0.863022	
0.76576	1.69001	0.863058	
0.767236	1.69001	0.863104	
0.768709	1.69001	0.86316	
0.770181	1.69001	0.863226	
0.77165	1.69001	0.863301	
0.773117	1.69001	0.863386	
0.774581	1.69001	0.863481	
0.776044	1.69001	0.863586	
0.777505	1.69001	0.8637	
0.778963	1.69001	0.863825	
0.780419	1.69001	0.863959	
0.781873	1.69001	0.864102	
0.783325	1.69001	0.864256	
0.784775	1.69001	0.864419	
0.786223	1.69001	0.864592	
0.787669	1.69001	0.864774	
0.789112	1.69001	0.864965	
0.790554	1.69001	0.865164	
0.791993	1.69001	0.865373	
0.793431	1.69001	0.86559	
0.794866	1.69001	0.865816	
0.796299	1.69001	0.86605	
0.797731	1.69001	0.866293	
0.79916	1.69001	0.866544	
0.800587	1.69001	0.866804	
0.802012	1.69001	0.867072	
0.803435	1.69001	0.867347	
0.804856	1.69001	0.86763	
0.806275	1.69001	0.867918	
0.807692	1.69001	0.868212	
0.809107	1.69001	0.86851	
0.81052	1.69001	0.868823	
0.811931	1.69001	0.869151	
0.81334	1.69001	0.869489	
0.814748	1.69001	0.86983	
0.816153	1.69001	0.870188	
0.817556	1.69001	0.870562	
0.818957	1.69001	0.870952	
0.820356	1.69001	0.871359	
0.821753	1.69001	0.871784	
0.823149	1.69001	0.872227	
0.824542	1.69001	0.872689	
0.825933	1.69001	0.873169	
0.827323	1.69001	0.873668	
0.82871	1.69001	0.874188	
0.830096	1.69001	0.874727	
0.83148	1.69001	0.875288	
0.832861	1.69001	0.875869	
0.834241	1.69001	0.876473	
0.835619	1.69001	0.877098	
0.836995	1.69001	0.877772	
0.83837	1.69001	0.878475	
0.839742	1.69001	0.879202	
0.841112	1.69001	0.879951	
0.842481	1.69001	0.880722	
0.843848	1.69001	0.881516	
0.845212	1.69001	0.88233	
0.846575	1.69001	0.883165	
0.847936	1.69001	0.884022	
0.849296	1.69001	0.8849	
0.850653	1.69001	0.885798	
0.852009	1.69001	0.886715	
0.853362	1.69001	0.887652	
0.854714	1.69001	0.888608	
0.856064	1.69001	0.889582	
0.857413	1.69001	0.890573	
0.858759	1.69001	0.891579	
0.860104	1.69001	0.89257	
0.861447	1.69001	0.893575	
0.862788	1.69001	0.894608	
0.864127	1.69001	0.895668	
0.865464	1.69001	0.896759	
0.8668	1.69001	0.897879	
0.868134	1.69001	0.899029	
0.869466	1.69001	0.900211	
0.870796	1.69001	0.901425	
0.872125	1.69001	0.902672	
0.873451	1.69001	0.903954	
0.874777	1.69001	0.905271	
0.8761	1.69001	0.906623	
0.877421	1.69001	0.908012	
0.878741	1.69001	0.909439	
0.880059	1.69001	0.910904	
0.881375	1.69001	0.91241	
0.88269	1.69001	0.913957	
0.884003	1.69001	0.915552	
0.885314	1.69001	0.917191	
0.886623	1.69001	0.918873	
0.887931	1.69001	0.920599	
0.889237	1.69001	0.922371	
0.890541	1.69001	0.92419	
0.891844	1.69001	0.926057	
0.893145	1.69001	0.927971	
0.894444	1.69001	0.929935	
0.895742	1.69001	0.93195	
0.897038	1.69001	0.934016	
0.898332	1.69001	0.936135	
0.899624	1.69001	0.938308	
0.900915	1.69001	0.940535	
0.902204	1.69001	0.942819	
0.903492	1.69001	0.94516	
0.904777	1.69001	0.947559	
0.906062	1.69001	0.950018	
0.907344	1.69001	0.952543	
0.908625	1.69001	0.955129	
0.909904	1.69001	0.957777	
0.911182	1.69001	0.960488	
0.912458	1.69001	0.963264	
0.913732	1.69001	0.966101	
0.915005	1.69001	0.969011	
0.916276	1.69001	0.972	
0.917546	1.69001	0.975071	
0.918814	1.69001	0.978226	
0.92008	1.69001	0.981467	
0.921345	1.69001	0.984797	
0.922608	1.69001	0.988217	
0.923869	1.69001	0.991729	
0.925129	1.69001	0.995337	
0.926388	1.69001	0.999041	
0.927644	1.69001	1.00285	
0.9289	1.69001	1.00675	
0.930153	1.69001	1.0108	
0.931405	1.69001	1.01497	
0.932656	1.69001	1.01925	
0.933905	1.69001	1.02364	
0.935152	1.69001	1.02815	
0.936398	1.69001	1.03277	
0.937642	1.69001	1.03752	
0.938885	1.69001	1.04238	
0.940126	1.69001	1.04738	
0.941365	1.69001	1.05249	
0.942604	1.69001	1.05774	
0.94384	1.69001	1.06312	
0.945075	1.69001	1.06864	
0.946309	1.69001	1.0743	
0.947541	1.69001	1.0801	
0.948771	1.69001	1.08604	
