X	Q2	theory
0.001	25	1.12444	
0.00416757	25	0.786082	
0.00732515	25	0.678197	
0.0104728	25	0.617995	
0.0136105	25	0.577621	
0.0167385	25	0.548112	
0.0198567	25	0.525339	
0.0229652	25	0.506967	
0.026064	25	0.491842	
0.0291533	25	0.47907	
0.0322331	25	0.468179	
0.0353034	25	0.458611	
0.0383643	25	0.450204	
0.0414159	25	0.442662	
0.0444582	25	0.435877	
0.0474913	25	0.430368	
0.0505152	25	0.42413	
0.0535299	25	0.41889	
0.0565357	25	0.414048	
0.0595324	25	0.40947	
0.0625201	25	0.4055	
0.065499	25	0.401448	
0.068469	25	0.397623	
0.0714302	25	0.393977	
0.0743827	25	0.390464	
0.0773265	25	0.38791	
0.0802616	25	0.383646	
0.0831882	25	0.380555	
0.0861062	25	0.377555	
0.0890157	25	0.374624	
0.0919168	25	0.371757	
0.0948095	25	0.368984	
0.0976938	25	0.366297	
0.10057	25	0.363675	
0.103438	25	0.361095	
0.106297	25	0.358537	
0.109149	25	0.356028	
0.111992	25	0.353558	
0.114827	25	0.351105	
0.117655	25	0.348791	
0.120474	25	0.346266	
0.123285	25	0.343902	
0.126089	25	0.341577	
0.128884	25	0.339295	
0.131672	25	0.337069	
0.134452	25	0.334914	
0.137225	25	0.332861	
0.139989	25	0.330688	
0.142747	25	0.328483	
0.145496	25	0.326311	
0.148238	25	0.324173	
0.150973	25	0.322052	
0.1537	25	0.319907	
0.156419	25	0.317813	
0.159131	25	0.315795	
0.161836	25	0.313671	
0.164534	25	0.311896	
0.167224	25	0.309573	
0.169907	25	0.307541	
0.172583	25	0.305526	
0.175252	25	0.303515	
0.177914	25	0.301512	
0.180569	25	0.299518	
0.183216	25	0.297535	
0.185857	25	0.29556	
0.18849	25	0.293591	
0.191117	25	0.291628	
0.193737	25	0.289675	
0.19635	25	0.287728	
0.198956	25	0.285791	
0.201556	25	0.283859	
0.204148	25	0.28193	
0.206734	25	0.280011	
0.209314	25	0.278099	
0.211886	25	0.276197	
0.214452	25	0.274297	
0.217012	25	0.2724	
0.219565	25	0.270509	
0.222111	25	0.268626	
0.224651	25	0.266749	
0.227185	25	0.264878	
0.229712	25	0.263011	
0.232233	25	0.261147	
0.234747	25	0.25929	
0.237256	25	0.257438	
0.239758	25	0.255595	
0.242253	25	0.253755	
0.244743	25	0.25192	
0.247226	25	0.250089	
0.249703	25	0.248263	
0.252174	25	0.246443	
0.254639	25	0.244628	
0.257098	25	0.242817	
0.25955	25	0.241013	
0.261997	25	0.239215	
0.264438	25	0.237422	
0.266873	25	0.235633	
0.269302	25	0.233848	
0.271725	25	0.232069	
0.274142	25	0.230296	
0.276553	25	0.228528	
0.278959	25	0.226766	
0.281359	25	0.22501	
0.283753	25	0.223261	
0.286141	25	0.221516	
0.288524	25	0.219775	
0.290901	25	0.218039	
0.293272	25	0.216309	
0.295638	25	0.214584	
0.297998	25	0.212867	
0.300353	25	0.211156	
0.302702	25	0.209454	
0.305045	25	0.207757	
0.307384	25	0.206063	
0.309716	25	0.204374	
0.312043	25	0.202691	
0.314365	25	0.201014	
0.316682	25	0.199344	
0.318993	25	0.197682	
0.321298	25	0.196028	
0.323599	25	0.194382	
0.325894	25	0.192743	
0.328184	25	0.191108	
0.330469	25	0.189478	
0.332748	25	0.187854	
0.335022	25	0.186235	
0.337292	25	0.184624	
0.339556	25	0.183021	
0.341814	25	0.181427	
0.344068	25	0.179842	
0.346317	25	0.178268	
0.348561	25	0.176699	
0.350799	25	0.175141	
0.353033	25	0.173576	
0.355262	25	0.172022	
0.357485	25	0.170476	
0.359704	25	0.168937	
0.361918	25	0.167405	
0.364127	25	0.165883	
0.366331	25	0.164396	
0.36853	25	0.162869	
0.370725	25	0.161414	
0.372914	25	0.159892	
0.375099	25	0.158412	
0.377279	25	0.156937	
0.379454	25	0.155469	
0.381625	25	0.154011	
0.383791	25	0.152557	
0.385952	25	0.151109	
0.388109	25	0.149672	
0.390261	25	0.148246	
0.392408	25	0.14683	
0.394551	25	0.145427	
0.396689	25	0.144035	
0.398822	25	0.142648	
0.400951	25	0.141267	
0.403076	25	0.139891	
0.405196	25	0.138522	
0.407311	25	0.13716	
0.409423	25	0.135806	
0.411529	25	0.13446	
0.413631	25	0.133123	
0.415729	25	0.131796	
0.417822	25	0.130479	
0.419911	25	0.129173	
0.421996	25	0.127881	
0.424076	25	0.1266	
0.426152	25	0.125324	
0.428224	25	0.124054	
0.430291	25	0.122791	
0.432355	25	0.121534	
0.434413	25	0.120284	
0.436468	25	0.119042	
0.438519	25	0.117808	
0.440565	25	0.116582	
0.442607	25	0.115366	
0.444645	25	0.114159	
0.446679	25	0.112962	
0.448708	25	0.111777	
0.450734	25	0.110603	
0.452755	25	0.109444	
0.454773	25	0.108291	
0.456786	25	0.107144	
0.458795	25	0.106004	
0.4608	25	0.10487	
0.462801	25	0.103743	
0.464799	25	0.102624	
0.466792	25	0.101512	
0.468781	25	0.100409	
0.470766	25	0.0993127	
0.472748	25	0.0982257	
0.474725	25	0.0971477	
0.476699	25	0.0960795	
0.478669	25	0.0950214	
0.480634	25	0.093974	
0.482596	25	0.0929385	
0.484554	25	0.0919154	
0.486509	25	0.0908994	
0.488459	25	0.0898894	
0.490406	25	0.0888858	
0.492349	25	0.0878888	
0.494288	25	0.086899	
0.496223	25	0.085916	
0.498155	25	0.08494	
0.500083	25	0.0839713	
0.502007	25	0.0830129	
0.503927	25	0.0820598	
0.505844	25	0.0811127	
0.507757	25	0.0801771	
0.509667	25	0.0792497	
0.511573	25	0.0783313	
0.513475	25	0.0774183	
0.515373	25	0.0765189	
0.517269	25	0.0756297	
0.51916	25	0.0747548	
0.521048	25	0.0738818	
0.522932	25	0.0730258	
0.524813	25	0.0721747	
0.52669	25	0.0713287	
0.528564	25	0.0704983	
0.530434	25	0.0696718	
0.532301	25	0.0688493	
0.534164	25	0.0680377	
0.536024	25	0.0672329	
0.53788	25	0.0664382	
0.539733	25	0.0656459	
0.541582	25	0.0648557	
0.543428	25	0.0640741	
0.545271	25	0.0632971	
0.54711	25	0.0625241	
0.548946	25	0.0617543	
0.550779	25	0.0609866	
0.552608	25	0.0602193	
0.554434	25	0.0594497	
0.556256	25	0.0586951	
0.558075	25	0.0579602	
0.559891	25	0.0572418	
0.561704	25	0.0565369	
0.563513	25	0.055842	
0.565319	25	0.0551532	
0.567122	25	0.0544659	
0.568922	25	0.0537827	
0.570718	25	0.0531059	
0.572511	25	0.0524357	
0.574301	25	0.051772	
0.576087	25	0.051115	
0.577871	25	0.0504648	
0.579651	25	0.0498217	
0.581428	25	0.0491853	
0.583202	25	0.0485551	
0.584973	25	0.0479312	
0.586741	25	0.0473136	
0.588506	25	0.0467022	
0.590267	25	0.0460973	
0.592025	25	0.0454988	
0.593781	25	0.044907	
0.595533	25	0.0443212	
0.597282	25	0.0437412	
0.599028	25	0.0431672	
0.600771	25	0.0425991	
0.602511	25	0.042037	
0.604248	25	0.0414809	
0.605982	25	0.040931	
0.607713	25	0.0403873	
0.609441	25	0.0398492	
0.611166	25	0.0393168	
0.612889	25	0.0387899	
0.614608	25	0.0382686	
0.616324	25	0.037753	
0.618037	25	0.0372431	
0.619747	25	0.0367388	
0.621455	25	0.0362404	
0.623159	25	0.0357473	
0.624861	25	0.0352595	
0.626559	25	0.034777	
0.628255	25	0.0342997	
0.629948	25	0.0338277	
0.631638	25	0.0333609	
0.633325	25	0.0328995	
0.63501	25	0.0324433	
0.636691	25	0.0319924	
0.63837	25	0.0315463	
0.640046	25	0.0311051	
0.641719	25	0.0306689	
0.643389	25	0.0302376	
0.645057	25	0.0298111	
0.646721	25	0.0293895	
0.648383	25	0.0289729	
0.650042	25	0.0285611	
0.651699	25	0.0281542	
0.653353	25	0.0277519	
0.655004	25	0.0273542	
0.656652	25	0.0269612	
0.658297	25	0.0265727	
0.65994	25	0.0261887	
0.66158	25	0.0258093	
0.663218	25	0.0254343	
0.664853	25	0.0250637	
0.666485	25	0.0246974	
0.668114	25	0.0243355	
0.669741	25	0.0239778	
0.671365	25	0.0236243	
0.672987	25	0.023275	
0.674606	25	0.0229299	
0.676222	25	0.0225888	
0.677836	25	0.0222519	
0.679447	25	0.0219191	
0.681055	25	0.0215902	
0.682661	25	0.0212654	
0.684265	25	0.0209446	
0.685865	25	0.0206276	
0.687464	25	0.0203146	
0.689059	25	0.0200054	
0.690652	25	0.0197	
0.692243	25	0.0193983	
0.693831	25	0.0191003	
0.695416	25	0.018806	
0.697	25	0.0185152	
0.69858	25	0.0182282	
0.700158	25	0.0179448	
0.701734	25	0.017665	
0.703307	25	0.0173887	
0.704877	25	0.0171159	
0.706445	25	0.0168465	
0.708011	25	0.0165806	
0.709574	25	0.0163179	
0.711135	25	0.0160585	
0.712694	25	0.0158024	
0.714249	25	0.0155495	
0.715803	25	0.0152998	
0.717354	25	0.0150535	
0.718903	25	0.0148104	
0.720449	25	0.0145705	
0.721993	25	0.0143336	
0.723535	25	0.0140999	
0.725074	25	0.0138691	
0.726611	25	0.0136413	
0.728145	25	0.0134164	
0.729677	25	0.0131943	
0.731207	25	0.0129754	
0.732734	25	0.0127594	
0.734259	25	0.0125465	
0.735782	25	0.0123365	
0.737303	25	0.0121294	
0.738821	25	0.0119251	
0.740337	25	0.0117234	
0.74185	25	0.0115244	
0.743361	25	0.011328	
0.74487	25	0.0111341	
0.746377	25	0.0109427	
0.747882	25	0.0107539	
0.749384	25	0.0105679	
0.750884	25	0.0103845	
0.752381	25	0.0102037	
0.753877	25	0.0100254	
0.75537	25	0.00984969	
0.756861	25	0.00967637	
0.75835	25	0.00950548	
0.759836	25	0.00933681	
0.761321	25	0.00917045	
0.762803	25	0.00900626	
0.764283	25	0.00884431	
0.76576	25	0.0086848	
0.767236	25	0.0085277	
0.768709	25	0.00837295	
0.770181	25	0.00822052	
0.77165	25	0.00807034	
0.773117	25	0.00792239	
0.774581	25	0.00777661	
0.776044	25	0.00763294	
0.777505	25	0.00749122	
0.778963	25	0.00735145	
0.780419	25	0.00721349	
0.781873	25	0.00707736	
0.783325	25	0.0069434	
0.784775	25	0.00681162	
0.786223	25	0.00668197	
0.787669	25	0.00655437	
0.789112	25	0.00642874	
0.790554	25	0.00630507	
0.791993	25	0.00618328	
0.793431	25	0.00606332	
0.794866	25	0.00594511	
0.796299	25	0.00582862	
0.797731	25	0.00571384	
0.79916	25	0.00560049	
0.800587	25	0.0054887	
0.802012	25	0.00537878	
0.803435	25	0.00527072	
0.804856	25	0.00516452	
0.806275	25	0.00506012	
0.807692	25	0.00495744	
0.809107	25	0.0048564	
0.81052	25	0.00475697	
0.811931	25	0.0046591	
0.81334	25	0.00456266	
0.814748	25	0.00446764	
0.816153	25	0.00437398	
0.817556	25	0.00428149	
0.818957	25	0.00419032	
0.820356	25	0.00410153	
0.821753	25	0.00401494	
0.823149	25	0.00393043	
0.824542	25	0.0038478	
0.825933	25	0.00376688	
0.827323	25	0.00368744	
0.82871	25	0.00360926	
0.830096	25	0.00353209	
0.83148	25	0.00345573	
0.832861	25	0.0033799	
0.834241	25	0.00330418	
0.835619	25	0.00322818	
0.836995	25	0.00315096	
0.83837	25	0.00307394	
0.839742	25	0.00300258	
0.841112	25	0.00293503	
0.842481	25	0.00286964	
0.843848	25	0.00280436	
0.845212	25	0.0027392	
0.846575	25	0.00267521	
0.847936	25	0.00261237	
0.849296	25	0.00255067	
0.850653	25	0.00249007	
0.852009	25	0.00243067	
0.853362	25	0.00237247	
0.854714	25	0.00231539	
0.856064	25	0.00225935	
0.857413	25	0.00220426	
0.858759	25	0.00215023	
0.860104	25	0.00209728	
0.861447	25	0.00204535	
0.862788	25	0.00199438	
0.864127	25	0.0019443	
0.865464	25	0.00189522	
0.8668	25	0.00184713	
0.868134	25	0.00179999	
0.869466	25	0.00175375	
0.870796	25	0.00170835	
0.872125	25	0.00166386	
0.873451	25	0.0016203	
0.874777	25	0.00157763	
0.8761	25	0.00153579	
0.877421	25	0.00149474	
0.878741	25	0.0014545	
0.880059	25	0.00141512	
0.881375	25	0.00137657	
0.88269	25	0.00133881	
0.884003	25	0.00130181	
0.885314	25	0.00126561	
0.886623	25	0.00123027	
0.887931	25	0.00119574	
0.889237	25	0.00116197	
0.890541	25	0.00112889	
0.891844	25	0.00109644	
0.893145	25	0.00106477	
0.894444	25	0.00103384	
0.895742	25	0.00100361	
0.897038	25	0.000974028	
0.898332	25	0.000945035	
0.899624	25	0.000916721	
0.900915	25	0.000889103	
0.902204	25	0.000862142	
0.903492	25	0.000835796	
0.904777	25	0.000810012	
0.906062	25	0.000784786	
0.907344	25	0.000760216	
0.908625	25	0.00073627	
0.909904	25	0.000712905	
0.911182	25	0.000690082	
0.912458	25	0.000667742	
0.913732	25	0.000645964	
0.915005	25	0.000624771	
0.916276	25	0.000604133	
0.917546	25	0.00058401	
0.918814	25	0.000564362	
0.92008	25	0.000545158	
0.921345	25	0.000526502	
0.922608	25	0.000508374	
0.923869	25	0.000490752	
0.925129	25	0.000473575	
0.926388	25	0.000456806	
0.927644	25	0.000440454	
0.9289	25	0.000424602	
0.930153	25	0.000409219	
0.931405	25	0.000394272	
0.932656	25	0.000379726	
0.933905	25	0.000365528	
0.935152	25	0.000351726	
0.936398	25	0.000338372	
0.937642	25	0.000325438	
0.938885	25	0.000312892	
0.940126	25	0.000300698	
0.941365	25	0.000288806	
0.942604	25	0.00027728	
0.94384	25	0.000266154	
0.945075	25	0.000255403	
0.946309	25	0.000244994	
0.947541	25	0.000234895	
0.948771	25	0.000225055	
