2704.92
5398.4
5356.19
5397.44
5393.37
5345.17
5561.67
5301.14
5800.82
5309.35
5355.65
5282.26
5479.42
5356.76
5313.07
5677.59
5187.07
5408.02
5173.6
5496.34
5528.94
5381.49
5124.83
5430.66
5519.5
5328.25
5225.56
5302.7
5238.62
5446.6
5175.8
5455.45
5673.03
5203.79
5081.58
4972.84
5702
5364.39
5499.56
5275.66
5365.93
5428.31
5383.25
5341.32
5426.22
5369.99
5232.26
5382.44
5431.02
5578.6
5701.91
5513.84
5136.24
5410.48
5243.34
5530.89
5242.32
5258.2
5430
5371.71
5323.32
5368.12
5341.51
5250.44
5260.54
5271.31
5234.3
5316.18
5200.87
5270.32
5325.37
5133.97
5153.55
5536.24
5497.5
5470.92
5371.12
5031.53
5486.11
5300.42
5116
5303.01
5580.82
5003.03
5099.08
5346.48
5483.33
5175.14
5173.55
5274.37
5043.46
5139.69
5520.14
5427.08
5181.58
5446.55
5442.15
5305.35
5348.35
5457.89
5388.33
5523.01
5270.57
5402.01
5144.01
5189.55
5349.19
5190.68
5123.55
5183.79
5331.74
5312.07
5427.76
5443.18
5314.71
5585.09
5600.68
4969.83
5519.17
5359.42
5515.8
5184.54
5262.81
5110.62
5081.58
5031.64
5319.44
5349.09
5444.02
5349.21
5542.32
5511.61
5470.53
5205.81
5258.01
5183.44
5435.44
5344.46
5451.86
5045.1
5344.06
5338.33
5228.6
5279.38
5446.01
5458.65
5414.39
5420.2
5491.03
5344.17
4897.11
5338.78
5172.92
5504.54
5176.42
5444.82
5361.16
5150.36
5227.11
5449.71
5396.91
5166.49
5444.97
5449.94
5379.83
5285.89
5513.36
5366.18
5367.01
5751.11
5210.29
5453.65
5424.32
5611.38
5040.43
5313.42
5332.4
5501.69
5074.9
5392.92
5535.16
5431.83
5340.93
5229.1
5593.86
5276.41
5311.77
5402.44
5040.37
5422.02
5752.04
5500.98
5406.91
5513.64
5255.86
5169.6
5326.68
5247.36
5140.28
5354.62
5482.8
5486.58
5203.5
5432.42
5080.26
5185.4
5144.14
5256.39
5543.76
5522
5194.3
5261.1
5171.45
5325.4
5233.7
5348.44
5256
5051.43
5370.13
5289.9
5547.38
5558.12
5253.23
5550.58
5275.19
5464.22
4904.07
5136.75
5149.72
5421.97
5391.73
5124.43
5265.3
5263.83
5277.79
5302.79
5568.24
5470.28
5329.34
5371.53
5252.94
5485.83
5250.15
5314.16
5332.22
5299.06
5018.75
5245.62
5702.41
5438.18
5199.38
5529.21
5323
5175.86
5194.9
5098.07
5283.48
5188.6
5270.96
5334.36
5353.15
5218.82
5406.99
5434.3
5383.13
5518.28
5519.45
5553.45
5112.93
5311.29
5348.45
5185.47
5212.63
5518.71
5469.38
5134.11
5306.19
5120.26
5523.6
5226.55
5384.57
5213.57
5201.14
5475.19
5083.67
5306.01
5595.93
5464.17
5065.2
5220.86
5443.86
5317.02
5448.13
5028.82
5209.22
5438.03
5205.41
5290.21
5423.01
5560.65
5293.58
5224.36
5242.75
5209.17
5367.66
5336.27
5537.47
5367.26
5335.72
5308.12
5231.13
5629.23
5470.7
5227.44
5235.29
5303.03
5476.7
5187.34
5466.35
4990.62
5072.52
5173.47
5314.39
5479.67
5450.23
5489.16
5664.01
5246.59
5116.51
5148.09
5460.45
5067.78
5453.8
5230.92
5577.43
5314.74
5279.73
5145.18
5338.37
5091.75
5261.67
5454.48
5305.51
5461.29
5504.76
5282.64
5298.39
5312.55
5135.25
5411.94
5555.9
5391.53
5166.42
5506.89
5307.54
5229.02
5396.81
5464.17
5255.28
5278.53
