-2.09038	0.759312	-0.204487	7.99684	-0.00361061	-0.0721092	-0.121735	-1.21942	-3.81722	1.95578	1.61019	-0.0474777	0.50411	2.83981	-0.0142651	0.505264	0.314566	2.23362	-0.000127792	6.79694	0.217281	0.00771523	-0.012928	-1.38767	0.106916	
-2.08912	0.760569	-0.203798	7.9981	-0.00358772	-0.0723019	-0.12225	-1.21816	-3.81596	1.95703	1.64144	-0.0478134	0.505367	2.84106	-0.0140038	0.516521	0.325825	2.17487	-0.000131607	6.79819	0.218538	-0.00182724	-0.0130157	-1.38642	0.106508	
-2.07431	0.769695	-0.20026	8.00164	-0.00379372	-0.0741482	-0.123829	-1.21926	-3.82157	1.95899	1.61703	-0.0519066	0.503513	2.85191	-0.0138321	0.509478	0.310274	2.18421	-0.000120163	6.80879	0.201817	0.00554085	-0.0121746	-1.38727	0.106747	
-2.08645	0.758968	-0.203852	7.99923	-0.00355911	-0.0717468	-0.122648	-1.20758	-3.81329	1.95522	1.61411	-0.0479488	0.505777	2.85374	-0.0116348	0.507532	0.328497	2.17754	-0.000125885	6.78963	0.21759	0.00615692	-0.013134	-1.38544	0.106384	
-2.07825	0.76284	-0.206152	8.01019	-0.00350761	-0.0715141	-0.125395	-1.20654	-3.80814	1.96931	1.62098	-0.0446415	0.500513	2.85043	-0.0117455	0.520046	0.241423	2.19414	-0.000110626	6.81067	0.22118	-0.00732994	-0.0130482	-1.35854	0.0853672	
-2.09038	0.759312	-0.204487	8.01684	-0.00361061	-0.0721092	-0.121735	-1.21942	-3.81722	1.95578	1.61019	-0.0474777	0.50411	2.83981	-0.0142651	0.515266	0.344564	2.17361	-0.000127792	6.79694	0.217281	0.00771523	-0.012928	-1.38767	0.106916	
-2.08171	0.770628	-0.200359	8.01544	-0.0040493	-0.0723629	-0.118553	-1.21552	-3.80411	1.95945	1.61243	-0.0543118	0.497505	2.83631	-0.00723267	0.512308	0.257534	2.1909	-0.000143051	6.80882	0.199814	-0.0200844	-0.0115776	-1.3676	0.129921	
-2.08975	0.759865	-0.204365	7.99731	-0.00361824	-0.0719948	-0.121628	-1.21866	-3.8167	1.9664	1.61077	-0.0471478	0.504679	2.84039	-0.0143681	0.505802	0.314842	2.21271	-0.0001297	6.7977	0.217672	0.00797844	-0.0122757	-1.38692	0.107603	
-2.0892	0.760496	-0.204229	7.99761	-0.00360489	-0.072216	-0.120918	-1.21823	-3.81604	1.95696	1.61137	-0.0476036	0.525293	2.84099	-0.012104	0.506449	0.335751	2.1748	-0.000127792	6.79812	0.217915	0.00765419	-0.0130081	-1.38694	0.106512	
-2.09038	0.769312	-0.204487	7.99684	-0.00361061	-0.0721092	-0.121735	-1.21942	-3.81722	1.95578	1.61019	-0.0474777	0.50411	2.85981	-0.0142651	0.505264	0.344568	2.17361	-0.000127792	6.79694	0.217281	0.00771523	-0.012928	-1.38767	0.106916	
-2.08615	0.765896	-0.201061	8.00054	-0.00383377	-0.070713	-0.118961	-1.20599	-3.80517	1.9372	1.60368	-0.0457153	0.470612	2.82907	-0.0221004	0.510269	0.370007	2.17085	-0.0001297	6.81251	0.210873	0.00518417	-0.0133324	-1.3718	0.110624	
-2.09038	0.759312	-0.204487	7.99684	-0.00361061	-0.0721092	-0.121735	-1.21942	-3.81722	1.98578	1.61019	-0.0474777	0.50411	2.83981	-0.0142651	0.505264	0.314566	2.20362	-0.000127792	6.79694	0.217281	0.00771523	-0.012928	-1.38767	0.106916	
-2.08834	0.761356	-0.204277	7.99888	-0.00361633	-0.0719585	-0.127008	-1.21737	-3.81518	1.95782	1.61223	-0.0460968	0.546154	2.84185	-0.0151939	0.507307	0.316608	2.17566	-0.000133514	6.79898	0.208525	0.00844193	-0.0130825	-1.38563	0.108959	
-2.08684	0.760893	-0.203241	8.00038	-0.0036068	-0.0716896	-0.122803	-1.21588	-3.81368	1.95931	1.61372	-0.0468273	0.507223	2.84335	-0.0145969	0.508802	0.328104	2.17715	-0.000120163	6.80048	0.209595	0.0041275	-0.0128193	-1.37571	0.108034	
-2.08841	0.759203	-0.201651	8.003	-0.00371552	-0.071167	-0.122971	-1.20613	-3.81044	1.95785	1.61573	-0.0511341	0.507586	2.84704	-0.0102787	0.498596	0.311314	2.20202	-8.58307e-05	6.79931	0.211901	-0.000299454	-0.0130157	-1.37694	0.0916004	
-2.0891	0.770149	-0.204615	7.99812	-0.00362396	-0.072134	-0.121717	-1.21814	-3.81594	1.95705	1.62146	-0.0460682	0.505386	2.84109	-0.0147057	0.506542	0.315844	2.19489	-0.0001297	6.79822	0.217522	0.00794983	-0.0130234	-1.38684	0.10745	
-2.08974	0.759958	-0.204615	8.00749	-0.00360107	-0.0720139	-0.12182	-1.21877	-3.81657	1.95642	1.61083	-0.0472374	0.504757	2.84045	-0.0144501	0.505911	0.315212	2.21426	-0.000127792	6.79758	0.217928	0.00772285	-0.0128765	-1.38703	0.106571	
-2.08555	0.763662	-0.204958	8.00167	-0.0037117	-0.0723419	-0.122156	-1.21459	-3.81239	1.96061	1.61502	-0.046587	0.498138	2.84464	-0.0148602	0.520092	0.329393	2.17844	-0.000137329	6.8001	0.218538	0.00536156	-0.0126953	-1.3849	0.0912914	
-2.08472	0.76272	-0.202238	8.02155	-0.003685	-0.0712566	-0.120853	-1.21775	-3.81831	1.95866	1.61027	-0.0471344	0.479641	2.846	-0.0140018	0.502895	0.311562	2.20901	-0.000106812	6.79318	0.215874	0.00845909	-0.0128441	-1.37972	0.104557	
-2.08937	0.755627	-0.205446	7.99846	-0.00357437	-0.0715771	-0.122673	-1.22066	-3.82032	1.95712	1.63161	-0.0470562	0.504906	2.83914	-0.0120945	0.517756	0.308258	2.20503	-0.000110626	6.79825	0.217449	0.00569344	-0.0129642	-1.38452	0.107386	
-2.08851	0.769585	-0.20364	7.9983	-0.003582	-0.072094	-0.122906	-1.21869	-3.81612	1.95583	1.6112	-0.0478458	0.514727	2.84166	-0.00995445	0.505762	0.314938	2.19547	-0.0001297	6.79785	0.217169	0.00841141	-0.0126762	-1.38647	0.10677	
-2.08155	0.767611	-0.201828	8.01796	-0.00365448	-0.0721359	-0.122744	-1.22925	-3.81549	1.94843	1.60968	-0.0498085	0.513084	2.82885	-0.0109043	0.506849	0.335714	2.1828	-0.000127792	6.80079	0.220673	0.00777245	-0.0133667	-1.38958	0.0975323	
-2.08895	0.760744	-0.204649	7.99827	-0.00362396	-0.0721703	-0.122032	-1.21799	-3.81579	1.96721	1.61162	-0.0467663	0.525543	2.84124	-0.0143871	0.506695	0.315996	2.18505	-0.000146866	6.79837	0.217653	0.00546455	-0.0127659	-1.38624	0.107136	
-2.07483	0.743256	-0.205002	8.00239	-0.0035305	-0.0716743	-0.125313	-1.21387	-3.81167	1.94013	1.61574	-0.0407047	0.519665	2.84536	-0.0136299	0.510817	0.320118	2.17916	-0.000118256	6.80249	0.216871	0.00521278	-0.0132122	-1.38212	0.105808	
-2.09038	0.759312	-0.204487	8.00684	-0.00361061	-0.0721092	-0.121735	-1.21942	-3.81722	1.96577	1.61019	-0.0474777	0.524113	2.83981	-0.0142651	0.505264	0.314566	2.19361	-0.000127792	6.79694	0.217281	0.00771523	-0.012928	-1.38767	0.106916	
-2.08097	0.757128	-0.208038	8.00371	-0.00354576	-0.069521	-0.122541	-1.20683	-3.80862	1.96311	1.61628	-0.0453987	0.509878	2.84756	-0.0151424	0.513227	0.276241	2.18339	-0.000112534	6.80346	0.223717	-0.00929642	-0.0126438	-1.37746	0.111807	
-2.0868	0.759254	-0.201841	7.99855	-0.00357628	-0.0714264	-0.124443	-1.21588	-3.81509	1.96457	1.61897	-0.0460682	0.49662	2.84455	-0.0108566	0.510115	0.291477	2.22042	-0.000112534	6.80114	0.227446	0.00588417	-0.0136337	-1.37952	0.0838223	
-2.08629	0.761019	-0.204025	8.00093	-0.00361824	-0.0716286	-0.12225	-1.21532	-3.81312	1.95987	1.61428	-0.0503464	0.508207	2.83311	-0.0126095	0.519361	0.318663	2.17771	-0.000137329	6.80103	0.2185	0.00895882	-0.0130711	-1.3838	0.107372	
-2.08522	0.758404	-0.20503	8.0104	-0.00351334	-0.07164	-0.123884	-1.21664	-3.81642	1.94966	1.61342	-0.0473194	0.51025	2.84527	-0.0129147	0.535204	0.317696	2.19092	-0.000148773	6.80156	0.194107	0.0051384	-0.0137939	-1.38989	0.106049	
-2.08985	0.769842	-0.204319	8.02737	-0.00364876	-0.0719204	-0.121534	-1.21889	-3.81669	1.95631	1.61072	-0.0470638	0.504641	2.84034	-0.0141296	0.505795	0.315096	2.18414	-0.0001297	6.79747	0.217812	0.00824738	-0.0135593	-1.38714	0.107447	
-2.08991	0.757666	-0.203142	8.00068	-0.00363731	-0.0714531	-0.121738	-1.20155	-3.81167	1.95816	1.60548	-0.0482578	0.505442	2.84339	-0.0123806	0.49629	0.322107	2.19532	-0.000116348	6.80085	0.219479	0.00656128	-0.0140438	-1.38761	0.108555	
-2.09038	0.759312	-0.204487	7.99684	-0.00361061	-0.0721092	-0.121735	-1.21942	-3.81722	1.98578	1.61019	-0.0474777	0.514111	2.83981	-0.0142651	0.525265	0.314566	2.17361	-0.000127792	6.79694	0.217281	0.00771523	-0.012928	-1.38767	0.106916	
-2.08101	0.748278	-0.200071	8.00203	-0.00372696	-0.0684128	-0.121586	-1.21973	-3.81086	1.9619	1.61577	-0.0382767	0.511686	2.84041	-0.0137653	0.503721	0.355089	2.17502	-0.0001297	6.79667	0.194771	0.00264168	-0.0127602	-1.38785	0.103678	
-2.08249	0.759724	-0.200333	8.00111	-0.00365257	-0.0716667	-0.121742	-1.21813	-3.81372	1.96494	1.61151	-0.0469875	0.509396	2.84357	-0.0146732	0.510576	0.329226	2.18063	-0.000125885	6.79695	0.211802	0.0038929	-0.014143	-1.39009	0.108765	
-2.07302	0.770901	-0.199465	8.01113	-0.00346565	-0.0718784	-0.119373	-1.20996	-3.80704	1.96374	1.62643	-0.0452576	0.471252	2.85289	-0.0133457	0.437435	0.319502	2.20935	-0.000110626	6.80107	0.222486	-0.00384331	-0.0139408	-1.37818	0.0993004	
-2.07195	0.761698	-0.205313	8.00493	-0.00360107	-0.0723991	-0.124334	-1.21407	-3.80974	1.9615	1.61809	-0.048542	0.487289	2.84459	-0.0142269	0.511345	0.321625	2.19188	-0.000104904	6.79885	0.214069	0.00196075	-0.0131359	-1.38418	0.0929565	
-2.09038	0.759312	-0.204487	8.00684	-0.00361061	-0.0721092	-0.121735	-1.21942	-3.81722	1.95578	1.61019	-0.0474777	0.534111	2.83981	-0.0142651	0.505264	0.314566	2.19361	-0.000127792	6.79694	0.217281	0.00771523	-0.012928	-1.38767	0.106916	
-2.08714	0.761524	-0.200457	8.00094	-0.00358963	-0.0719643	-0.121353	-1.18656	-3.81462	1.93467	1.61818	-0.0477219	0.491766	2.84434	-0.0121765	0.498142	0.33173	2.17727	-0.000120163	6.80174	0.215193	0.00301933	-0.0134983	-1.37881	0.109217	
-2.10823	0.739264	-0.204447	8.01159	-0.00377083	-0.0705776	-0.119831	-1.21316	-3.81255	1.96392	1.62556	-0.0440369	0.513548	2.84161	-0.0129623	0.506901	0.343578	2.17431	-0.000141144	6.80333	0.211178	0.00679398	-0.0136471	-1.38512	0.104809	
-2.07608	0.763393	-0.202803	8.00114	-0.00354576	-0.0725384	-0.11684	-1.21511	-3.81292	1.96008	1.61449	-0.0481224	0.495819	2.84411	-0.011898	0.509567	0.318869	2.17792	-0.000133514	6.80124	0.20919	0.00793648	-0.0127392	-1.38531	0.106852	
-2.09038	0.759312	-0.204487	7.99684	-0.00361061	-0.0721092	-0.121735	-1.21942	-3.81722	1.96577	1.61019	-0.0474777	0.524113	2.83981	-0.0142651	0.505264	0.314566	2.20362	-0.000127792	6.79694	0.217281	0.00771523	-0.012928	-1.38767	0.106916	
-2.08813	0.76156	-0.204618	7.99909	-0.00364113	-0.0723686	-0.120888	-1.21717	-3.81497	1.96803	1.61243	-0.0466461	0.485159	2.84206	-0.0150299	0.507515	0.316816	2.21586	-0.000127792	6.79918	0.216101	0.00801659	-0.0130196	-1.38802	0.107473	
-2.0879	0.771872	-0.203255	8.00764	-0.00348091	-0.0723858	-0.123524	-1.21194	-3.8133	1.959	1.61588	-0.0480652	0.505781	2.84496	-0.0139008	0.513866	0.321634	2.17977	-0.000131607	6.79655	0.221931	0.00146484	-0.0139236	-1.38976	0.0935955	
-2.10317	0.774035	-0.199646	8.01807	-0.00379562	-0.0737362	-0.117613	-1.29765	-3.83381	1.95799	1.62686	-0.0508652	0.48608	2.84348	-0.0149117	0.526611	0.335283	2.25326	-0.000112534	6.79934	0.215427	0.00614357	-0.012682	-1.39216	0.106161	
-2.07878	0.769009	-0.203495	7.99844	-0.00356674	-0.0717678	-0.122227	-1.21781	-3.81562	1.95738	1.61179	-0.0478382	0.494913	2.84141	-0.0150509	0.506868	0.31617	2.20522	-0.000127792	6.79854	0.217119	0.00704956	-0.0126858	-1.38607	0.106419	
-2.09193	0.767115	-0.201035	7.99012	-0.00336838	-0.0717144	-0.12254	-1.216	-3.8028	1.96236	1.62375	-0.0485153	0.479374	2.8502	-0.016407	0.528168	0.314091	2.19595	-0.000125885	6.80262	0.202669	-0.0258617	-0.0145721	-1.37766	0.12319	
-2.08248	0.765921	-0.201752	8.00423	-0.00354576	-0.07267	-0.11993	-1.21151	-3.80932	1.96368	1.61809	-0.0467262	0.488312	2.84521	-0.0157661	0.491966	0.322468	2.18151	-0.0001297	6.80484	0.211521	0.00339699	-0.0129204	-1.3858	0.110382	
-2.08341	0.76602	-0.204599	8.00663	-0.00357628	-0.0723248	-0.125126	-1.21208	-3.80939	1.95411	1.62604	-0.0480022	0.524561	2.85	-0.0178719	0.511154	0.318853	2.18196	-7.62939e-05	6.80612	0.189316	-0.0151825	-0.0137939	-1.37206	0.0938568	
-2.08782	0.753313	-0.201279	7.99911	-0.003582	-0.0705738	-0.118685	-1.21531	-3.81603	1.96595	1.61047	-0.044281	0.494925	2.842	-0.00945663	0.507551	0.308544	2.2159	-0.000112534	6.79902	0.215021	0.00727463	-0.0132942	-1.38762	0.105478	
-2.08952	0.760807	-0.204397	7.99738	-0.00364876	-0.0721607	-0.121056	-1.21792	-3.81614	1.95727	1.61123	-0.04673	0.504332	2.8413	-0.0119286	0.50676	0.315346	2.21511	-0.000152588	6.79766	0.21772	0.00778008	-0.0128689	-1.38789	0.107121	
-2.08293	0.76321	-0.201653	8.01578	-0.00345993	-0.0691071	-0.124172	-1.20878	-3.79662	1.95843	1.61706	-0.0395336	0.477465	2.84771	-0.0120144	0.509024	0.312506	2.1918	-0.000154495	6.79783	0.192062	0.000785828	-0.0143089	-1.38819	0.108833	
-2.08905	0.760645	-0.204777	7.99817	-0.00363731	-0.0721664	-0.122181	-1.21808	-3.81589	1.95711	1.61152	-0.0467377	0.505445	2.84114	-0.0142193	0.506598	0.315899	2.22495	-0.000131607	6.79827	0.207815	0.00766563	-0.01301	-1.38634	0.106552	
-2.08628	0.772959	-0.205416	8.01096	-0.00350571	-0.0720024	-0.123882	-1.21644	-3.81314	1.95875	1.61427	-0.0480461	0.486662	2.8439	-0.00881386	0.509329	0.317648	2.18772	-0.0001297	6.801	0.21282	0.00623703	-0.0125713	-1.38465	0.10541	
-2.09038	0.759312	-0.204487	7.99684	-0.00361061	-0.0721092	-0.121735	-1.21942	-3.81722	1.96577	1.61019	-0.0474777	0.524113	2.83981	-0.0142651	0.505264	0.314566	2.20362	-0.000127792	6.79694	0.217281	0.00771523	-0.012928	-1.38767	0.106916	
-2.09038	0.759312	-0.204487	7.99684	-0.00361061	-0.0721092	-0.121735	-1.21942	-3.81722	1.95578	1.61019	-0.0474777	0.514111	2.83981	-0.0142651	0.505264	0.314566	2.22362	-0.000127792	6.79694	0.217281	0.00771523	-0.012928	-1.38767	0.106916	
-2.08889	0.790808	-0.203588	7.99833	-0.00348854	-0.072113	-0.126566	-1.21792	-3.81573	1.95727	1.61168	-0.0467815	0.505604	2.8413	-0.0150776	0.50676	0.316061	2.17511	-0.000123978	6.79843	0.218777	0.00769615	-0.0131245	-1.37617	0.10714	
-2.08982	0.758495	-0.20347	8.0003	-0.0037899	-0.070734	-0.128378	-1.21746	-3.81397	1.95776	1.63465	-0.0406857	0.551723	2.83976	-0.0112972	0.504047	0.292479	2.18146	-9.15527e-05	6.80093	0.222095	-0.0118599	-0.0126324	-1.38338	0.0986919	
-2.09	0.766399	-0.201624	8.00178	-0.00381279	-0.0705528	-0.119612	-1.21655	-3.80731	1.96119	1.62724	-0.051487	0.532995	2.86182	-0.00824356	0.514105	0.25411	2.19648	-0.000137329	6.8042	0.205982	0.00162125	-0.0136528	-1.37783	0.0822792	
-2.08732	0.76153	-0.204613	7.9999	-0.00358772	-0.0718079	-0.122084	-1.21635	-3.81416	1.95819	1.61325	-0.0474777	0.507172	2.84287	-0.0168591	0.508327	0.347626	2.17667	-0.00012207	6.8	0.214087	-0.00213432	-0.0131168	-1.38461	0.108442	
-2.08748	0.757132	-0.203279	7.99397	-0.00356674	-0.0717525	-0.121399	-1.21921	-3.81594	1.95638	1.61054	-0.0482769	0.503273	2.84265	-0.0134869	0.506605	0.347416	2.19464	-0.000127792	6.79761	0.216034	0.00827026	-0.0130024	-1.38844	0.106838	
-2.08778	0.771915	-0.204166	7.99944	-0.00362778	-0.0719604	-0.124519	-1.21682	-3.81462	1.95838	1.61279	-0.0480785	0.506712	2.86241	-0.0136967	0.507868	0.317169	2.17621	-0.000133514	6.79954	0.214176	0.00848961	-0.0128155	-1.38555	0.10293	
-2.09063	0.757545	-0.202608	7.99502	-0.00362587	-0.0719604	-0.124779	-1.21696	-3.81806	1.95825	1.61436	-0.0479145	0.509201	2.84164	-0.014328	0.508533	0.356697	2.17324	-0.000110626	6.79284	0.215395	0.00365257	-0.0132847	-1.37451	0.107393	
-2.08443	0.739862	-0.203625	8.00323	-0.00374413	-0.070591	-0.122215	-1.2185	-3.8073	1.9702	1.61583	-0.0402336	0.504896	2.85793	-0.0129166	0.494143	0.318163	2.1827	-9.72748e-05	6.80258	0.230404	-0.00571823	-0.0127048	-1.37881	0.0857143	
-2.08633	0.760935	-0.202986	7.9989	-0.00358582	-0.0717716	-0.120358	-1.21638	-3.80485	1.96062	1.61213	-0.0459042	0.509361	2.84397	-0.0144882	0.506857	0.318092	2.19882	-0.000131607	6.79926	0.198793	0.00489426	-0.0126114	-1.38517	0.106209	
-2.08873	0.758314	-0.200224	8.00155	-0.00388145	-0.0707893	-0.117544	-1.21432	-3.81357	1.96009	1.61223	-0.0445271	0.502638	2.8365	-0.0115814	0.506767	0.31654	2.20207	-0.000146866	6.79126	0.217724	-0.00205803	-0.012722	-1.38268	0.112659	
-2.09038	0.759312	-0.204487	7.99684	-0.00361061	-0.0721092	-0.121735	-1.20942	-3.81722	1.95578	1.61019	-0.0474777	0.50411	2.83981	-0.0142651	0.505264	0.314566	2.22362	-0.000127792	6.79694	0.217281	0.00771523	-0.012928	-1.38767	0.106916	
-2.07243	0.761986	-0.203188	8.0217	-0.00347137	-0.0725079	-0.120081	-1.21388	-3.81039	1.92501	1.61577	-0.0461655	0.508005	2.84743	-0.0151787	0.513256	0.317041	2.18139	-0.000120163	6.79835	0.220903	-0.00613785	-0.0138416	-1.37897	0.101837	
-2.08038	0.759312	-0.204487	8.00684	-0.00361061	-0.0721092	-0.121735	-1.21942	-3.81722	1.95578	1.61019	-0.0474777	0.50411	2.83981	-0.0142651	0.505264	0.314566	2.21362	-0.000127792	6.79694	0.217281	0.00771523	-0.012928	-1.38767	0.106916	
-2.08661	0.753836	-0.204466	8.0009	-0.00350761	-0.0709572	-0.123219	-1.21455	-3.81585	1.95644	1.61198	-0.0472851	0.504284	2.84153	-0.0112019	0.505968	0.306797	2.22664	-0.000108719	6.79355	0.215721	0.00803757	-0.0134964	-1.38424	0.105473	
-2.09038	0.759312	-0.204487	7.99684	-0.00361061	-0.0721092	-0.121735	-1.18941	-3.81722	1.96577	1.61019	-0.0474777	0.50411	2.83981	-0.0142651	0.505264	0.314566	2.19361	-0.000127792	6.79694	0.217281	0.00771523	-0.012928	-1.38767	0.106916	
-2.09412	0.757914	-0.204311	7.99708	-0.00352287	-0.0714626	-0.119938	-1.21616	-3.81508	1.95824	1.61142	-0.0423183	0.499403	2.84199	-0.0160713	0.507132	0.309284	2.22648	-0.000112534	6.7989	0.215977	0.00745392	-0.0135117	-1.38476	0.104996	
-2.08941	0.764051	-0.203455	8.00007	-0.00361824	-0.0720768	-0.121353	-1.22082	-3.81565	1.95721	1.61009	-0.0482082	0.517345	2.8406	-0.0152397	0.503399	0.357803	2.17152	-0.000127792	6.79709	0.214977	0.00772667	-0.0129128	-1.38976	0.106501	
-2.07991	0.766363	-0.20232	8.00519	-0.00349236	-0.0718403	-0.122824	-1.21431	-3.82862	1.96312	1.61528	-0.0475578	0.485392	2.84802	-0.0128212	0.509426	0.316769	2.20148	-0.000144958	6.79952	0.210363	0.000427246	-0.0135365	-1.38312	0.106485	
-2.08626	0.763433	-0.205473	8.00096	-0.00362015	-0.0719395	-0.122419	-1.21529	-3.8131	1.9599	1.62431	-0.046545	0.508234	2.84393	-0.0118484	0.509388	0.318689	2.18773	-0.000131607	6.80106	0.19923	-0.00015831	-0.0126171	-1.38419	0.109457	
-2.08931	0.760384	-0.20462	7.99791	-0.00360107	-0.0721474	-0.121464	-1.21835	-3.81615	1.96685	1.61126	-0.0475025	0.515181	2.84088	-0.0146103	0.506334	0.315636	2.20469	-0.0001297	6.79801	0.212532	0.00725365	-0.0129032	-1.3866	0.106321	
-2.08493	0.760361	-0.205606	8.00229	-0.003479	-0.0716152	-0.122997	-1.21588	-3.81177	1.959	1.61563	-0.0476761	0.509144	2.84526	-0.017004	0.509018	0.317957	2.18906	-0.000131607	6.80239	0.207561	0.00681686	-0.013382	-1.38403	0.105427	
-2.07259	0.762659	-0.203753	8.00955	-0.00348091	-0.0726166	-0.123446	-1.20886	-3.79553	1.95844	1.60829	-0.0434189	0.492105	2.85558	-0.016161	0.513288	0.258121	2.21232	-0.000116348	6.78995	0.23093	-0.029583	-0.0138245	-1.36575	0.111166	
-2.08901	0.760307	-0.205139	7.99821	-0.0036068	-0.0721378	-0.122383	-1.20805	-3.81585	1.95715	1.63155	-0.0471382	0.505054	2.84118	-0.0121498	0.506632	0.315933	2.18498	-0.000125885	6.79831	0.218122	0.00579453	-0.0129108	-1.3863	0.107143	
-2.08567	0.76351	-0.203421	7.99979	-0.00355339	-0.0716705	-0.123123	-1.21856	-3.81868	1.94949	1.64265	-0.0470695	0.514984	2.84138	-0.0136395	0.504572	0.314909	2.17369	-0.000106812	6.80338	0.215429	0.00831032	-0.0128555	-1.38426	0.108253	
-2.07402	0.759649	-0.199486	8.00974	-0.00364494	-0.0711823	-0.118084	-1.21297	-3.83781	1.95501	1.64033	-0.0460358	0.498579	2.85591	-0.0148792	0.510794	0.312658	2.19526	-9.15527e-05	6.80313	0.219334	-0.0291615	-0.0144444	-1.36539	0.0926628	
-2.09353	0.758547	-0.204168	7.99806	-0.00363159	-0.0711555	-0.119749	-1.21794	-3.81475	1.95849	1.61277	-0.0450783	0.506708	2.87074	-0.0124035	0.505608	0.335808	2.16459	-0.000120163	6.79398	0.216776	0.00858116	-0.0133438	-1.38453	0.104925	
-2.08717	0.757715	-0.203033	8.00126	-0.00364685	-0.0697289	-0.122288	-1.1989	-3.81601	1.95534	1.611	-0.0476513	0.485769	2.84452	-0.0160122	0.513973	0.311806	2.21008	-0.00012207	6.80379	0.219069	0.00518608	-0.0143948	-1.39284	0.108946	
-2.08691	0.761005	-0.204678	8.00031	-0.00362396	-0.0718632	-0.12306	-1.20595	-3.81375	1.9573	1.61365	-0.0466976	0.505781	2.84328	-0.0120869	0.508734	0.307236	2.18708	-0.000118256	6.80041	0.220201	0.00709343	-0.0128193	-1.38507	0.107954	
-2.09693	0.765512	-0.204475	7.9924	-0.00362968	-0.0734367	-0.118666	-1.21359	-3.81996	1.95927	1.61497	-0.0503159	0.511019	2.84653	-0.0219727	0.507265	0.308636	2.22765	-0.000116348	6.79539	0.21162	0.0063591	-0.0133667	-1.38175	0.106392	
-2.07804	0.758085	-0.203053	8.00278	-0.00357819	-0.071703	-0.119827	-1.21986	-3.81547	1.97172	1.61022	-0.0469971	0.510056	2.83841	-0.0139389	0.504313	0.315027	2.19567	-0.000133514	6.79493	0.208313	0.00715446	-0.0130157	-1.3806	0.105019	
-2.08744	0.762009	-0.203026	7.9998	-0.00354195	-0.0720406	-0.121508	-1.21638	-3.81383	1.95813	1.61358	-0.0480137	0.506426	2.8632	-0.0151825	0.508553	0.317957	2.177	-0.000135422	6.79999	0.212189	0.00649834	-0.0130215	-1.38517	0.107433	
-2.08677	0.759958	-0.204044	7.99702	-0.00354385	-0.0714493	-0.122255	-1.21352	-3.81275	1.95894	1.6148	-0.0471249	0.506474	2.8436	-0.012764	0.511581	0.33379	2.17768	-0.000112534	6.7836	0.241646	0.00954056	-0.0137577	-1.37815	0.0802135	
-2.08754	0.758251	-0.20467	8.0019	-0.00338364	-0.0708771	-0.124334	-1.21672	-3.81493	1.94098	1.6115	-0.0405655	0.498585	2.8431	-0.0150776	0.512918	0.357359	2.18016	-0.000118256	6.8118	0.218121	-0.0160828	-0.0137959	-1.3835	0.111923	
-2.08861	0.761087	-0.201427	7.99861	-0.00362778	-0.0721531	-0.12071	-1.21764	-3.81545	1.95755	1.61196	-0.0469379	0.505884	2.84158	-0.0145493	0.537041	0.316339	2.17539	-0.0001297	6.79871	0.216726	0.0072403	-0.0130939	-1.38631	0.107637	
-2.09038	0.759312	-0.204487	7.99684	-0.00361061	-0.0721092	-0.121735	-1.21942	-3.81722	1.95578	1.61019	-0.0474777	0.50411	2.83981	-0.0142651	0.505264	0.314566	2.23362	-0.000127792	6.79694	0.217281	0.00771523	-0.012928	-1.38767	0.106916	
-2.08429	0.747513	-0.206963	8.03265	-0.00356293	-0.0719204	-0.11948	-1.20534	-3.81185	1.97124	1.6161	-0.043314	0.464611	2.83235	-0.0105362	0.516329	0.31756	2.1857	-8.39233e-05	6.81114	0.222586	-0.0169678	-0.012989	-1.37588	0.0860519	
-2.08797	0.744188	-0.20702	8.01896	-0.00365829	-0.0723476	-0.124203	-1.21376	-3.81364	1.96002	1.61428	-0.0451298	0.520189	2.84274	-0.0116806	0.509033	0.318504	2.177	-0.000112534	6.79962	0.215214	0.00715637	-0.0127583	-1.38587	0.104977	
-2.08892	0.759886	-0.203747	7.9983	-0.003582	-0.0720673	-0.121758	-1.21795	-3.81576	1.95724	1.61165	-0.0488682	0.515574	2.84127	-0.0148201	0.506727	0.316029	2.20508	-0.0001297	6.7984	0.217161	0.00823593	-0.0127811	-1.38695	0.107189	
-2.07967	0.757336	-0.202646	7.98984	-0.00372314	-0.0706158	-0.122858	-1.19098	-3.81453	1.96457	1.61481	-0.0475826	0.506208	2.85139	-0.0207653	0.531273	0.26445	2.18541	-0.000120163	6.80282	0.230558	-0.0028286	-0.0141468	-1.3797	0.0990105	
-2.08771	0.761986	-0.203974	7.99951	-0.00358009	-0.0723152	-0.122284	-1.21675	-3.81455	1.95845	1.61286	-0.0474434	0.49432	2.84248	-0.0152225	0.507938	0.347239	2.17629	-0.000123978	6.79961	0.226023	0.00580597	-0.0128479	-1.38691	0.105412	
-2.08865	0.761459	-0.198631	7.99851	-0.0036335	-0.0717621	-0.12089	-1.21727	-3.81508	1.95792	1.61233	-0.0468845	0.506254	2.84196	-0.0121174	0.507412	0.316713	2.19576	-0.000116348	6.79857	0.218838	0.00683975	-0.0135345	-1.38552	0.106281	
-2.08776	0.769459	-0.20347	8.01939	-0.00357628	-0.0716629	-0.123037	-1.21635	-3.81415	1.95885	1.61326	-0.048502	0.485983	2.84288	-0.0113716	0.508335	0.317636	2.17669	-0.000125885	6.80001	0.227196	0.00749397	-0.0131531	-1.38715	0.106951	
-2.08409	0.747658	-0.205383	8.00282	-0.00363541	-0.0714188	-0.126766	-1.20431	-3.81551	1.93048	1.62041	-0.0443802	0.517319	2.85135	-0.0133038	0.502966	0.330107	2.17901	-0.000118256	6.8053	0.217159	0.0046711	-0.0128632	-1.37915	0.108513	
-2.08904	0.780554	-0.20343	7.99819	-0.00361443	-0.071949	-0.121128	-1.21807	-3.81587	1.95712	1.61153	-0.0497952	0.505459	2.84116	-0.0147514	0.506613	0.335917	2.17496	-0.000137329	6.79829	0.218153	0.00804901	-0.0136585	-1.38675	0.10775	
-2.09038	0.769312	-0.204487	8.00684	-0.00361061	-0.0721092	-0.121735	-1.21942	-3.81722	1.95578	1.61019	-0.0474777	0.50411	2.83981	-0.0142651	0.545265	0.314566	2.17361	-0.000127792	6.79694	0.217281	0.00771523	-0.012928	-1.38767	0.106916	
-2.09038	0.759312	-0.204487	7.99684	-0.00361061	-0.0721092	-0.121735	-1.21942	-3.81722	1.95578	1.61019	-0.0474777	0.50411	2.83981	-0.0142651	0.505264	0.314566	2.23362	-0.000127792	6.79694	0.217281	0.00771523	-0.012928	-1.38767	0.106916	
-2.08129	0.762384	-0.206507	8.00593	-0.00343323	-0.0707073	-0.124985	-1.21033	-3.80813	1.96487	1.61928	-0.0453815	0.492002	2.8377	-0.0136452	0.514355	0.323656	2.1827	-0.000135422	6.80322	0.191252	0.0025444	-0.0136852	-1.37858	0.104713	
-2.07893	0.770763	-0.20425	7.99829	-0.00358009	-0.0720196	-0.124323	-1.21797	-3.81577	1.95723	1.63164	-0.0473938	0.50556	2.84126	-0.0142155	0.506714	0.316015	2.17506	-0.0001297	6.79839	0.217276	0.00818825	-0.0128269	-1.38698	0.107443	
-2.08821	0.761482	-0.204338	7.99901	-0.00362015	-0.0724239	-0.12417	-1.21725	-3.81505	1.95795	1.61236	-0.047781	0.506281	2.84198	-0.0152035	0.507435	0.316736	2.20579	-0.0001297	6.79911	0.218315	0.00790024	-0.0130577	-1.38592	0.107552	
-2.082	0.759974	-0.208202	8.00515	-0.00352859	-0.0703888	-0.126844	-1.20041	-3.81175	1.95602	1.61747	-0.0453129	0.500786	2.84188	-0.0149193	0.508368	0.272999	2.18405	-8.58307e-05	6.80517	0.21468	-0.0210152	-0.0130444	-1.36926	0.0958233	
-2.09038	0.759312	-0.204487	7.99684	-0.00361061	-0.0721092	-0.121735	-1.20942	-3.81722	1.96577	1.61019	-0.0474777	0.524113	2.83981	-0.0142651	0.505264	0.314566	2.19361	-0.000127792	6.79694	0.217281	0.00771523	-0.012928	-1.38767	0.106916	
-2.08366	0.75832	-0.206448	7.99834	-0.0036087	-0.07094	-0.124611	-1.22356	-3.81277	1.96615	1.61935	-0.045248	0.52673	2.85788	-0.0129337	0.511688	0.263447	2.19884	-0.000104904	6.80109	0.222458	-0.0164433	-0.0132561	-1.36166	0.0921535	
-2.09239	0.760042	-0.197531	8.02114	-0.00370979	-0.0714054	-0.11841	-1.21156	-3.80612	1.96009	1.61065	-0.0440235	0.539196	2.84355	-0.00932884	0.501785	0.269423	2.18612	-9.91821e-05	6.79972	0.215719	0.00869751	-0.0128746	-1.38561	0.0859661	
-2.08657	0.761372	-0.204367	8.00065	-0.00356102	-0.0689983	-0.120588	-1.20561	-3.81341	1.96959	1.61399	-0.0457706	0.486717	2.84361	-0.0141983	0.509071	0.318373	2.17742	-0.000118256	6.80075	0.218157	0.00753975	-0.0130501	-1.38386	0.105978	
-2.08038	0.759312	-0.204487	8.00684	-0.00361061	-0.0721092	-0.121735	-1.21942	-3.81722	1.95578	1.61019	-0.0474777	0.50411	2.84981	-0.0142651	0.505264	0.344564	2.17361	-0.000127792	6.79694	0.217281	0.00771523	-0.012928	-1.38767	0.106916	
-2.08549	0.763264	-0.205202	7.99858	-0.00359726	-0.0723438	-0.12289	-1.21453	-3.81233	1.95693	1.63507	-0.0473118	0.518999	2.8447	-0.0155945	0.488953	0.319454	2.1785	-0.000110626	6.79836	0.216698	0.00623894	-0.0130482	-1.38724	0.105955	
-2.0832	0.767033	-0.202301	8.00086	-0.00373459	-0.0728474	-0.12339	-1.21606	-3.81504	1.96017	1.61472	-0.0466309	0.483072	2.84599	-0.0118942	0.514484	0.318941	2.19182	-0.000175476	6.80008	0.215767	0.00518036	-0.0123005	-1.39155	0.117266	
-2.09038	0.759312	-0.204487	7.99684	-0.00361061	-0.0721092	-0.121735	-1.21942	-3.81722	1.95578	1.61019	-0.0474777	0.50411	2.83981	-0.0142651	0.525265	0.354565	2.17361	-0.000127792	6.79694	0.217281	0.00771523	-0.012928	-1.38767	0.106916	
-2.09038	0.769312	-0.204487	8.00684	-0.00361061	-0.0721092	-0.121735	-1.21942	-3.81722	1.95578	1.61019	-0.0474777	0.50411	2.83981	-0.0142651	0.505264	0.35457	2.17361	-0.000127792	6.79694	0.217281	0.00771523	-0.012928	-1.38767	0.106916	
-2.09038	0.759312	-0.204487	7.99684	-0.00361061	-0.0721092	-0.121735	-1.21942	-3.81722	1.95578	1.61019	-0.0474777	0.50411	2.83981	-0.0142651	0.505264	0.314566	2.23362	-0.000127792	6.79694	0.217281	0.00771523	-0.012928	-1.38767	0.106916	
-2.08525	0.766638	-0.200653	8.01192	-0.00357628	-0.0728245	-0.12359	-1.22166	-3.80834	1.94798	1.62073	-0.0471878	0.491339	2.84874	-0.0162296	0.508654	0.358807	2.16006	-0.000133514	6.79576	0.209084	0.00251579	-0.0146523	-1.38738	0.111639	
-2.08823	0.759584	-0.206238	8.00899	-0.0036087	-0.0705242	-0.120764	-1.21727	-3.81507	1.95793	1.61234	-0.0470123	0.506262	2.84196	-0.0146713	0.506998	0.336718	2.17576	-0.0001297	6.7986	0.217554	0.00780106	-0.0128136	-1.38709	0.107668	
-2.09036	0.765938	-0.197029	7.99969	-0.00361061	-0.072567	-0.122286	-1.21725	-3.81868	1.96657	1.64063	-0.0455093	0.491026	2.8414	-0.0146675	0.505844	0.310387	2.18134	-0.0001297	6.79953	0.218952	0.00885201	-0.0134621	-1.38688	0.106934	
-2.08586	0.766922	-0.206034	8.00099	-0.0036068	-0.0728931	-0.125523	-1.2148	-3.8027	1.97044	1.63715	-0.0481167	0.496037	2.84507	-0.0128422	0.510401	0.288986	2.17975	-0.000125885	6.8038	0.21232	0.00124359	-0.0131721	-1.38275	0.108475	
-2.07687	0.761995	-0.202454	8.00155	-0.00352478	-0.0710964	-0.122766	-1.19433	-3.8126	1.9593	1.59942	-0.0436401	0.500687	2.84432	-0.0125504	0.513924	0.317526	2.18331	-0.000110626	6.8055	0.222729	-0.00369644	-0.0137215	-1.37815	0.086565	
-2.0857	0.768034	-0.20612	8.00152	-0.00367546	-0.0716496	-0.12269	-1.21473	-3.81254	1.96046	1.61487	-0.046299	0.508797	2.84449	-0.0157566	0.509953	0.319252	2.1883	-0.000131607	6.80162	0.199825	0.00573921	-0.0125217	-1.38486	0.105991	
-2.08931	0.754721	-0.204668	7.99791	-0.00359344	-0.0719643	-0.121782	-1.21835	-3.81615	1.95684	1.61125	-0.0475655	0.545179	2.84088	-0.0145531	0.506332	0.315634	2.18468	-0.0001297	6.79801	0.216892	0.00781441	-0.0128536	-1.38702	0.107634	
-2.08763	0.762064	-0.203337	7.99959	-0.00367546	-0.0723305	-0.12323	-1.21667	-3.81447	1.95853	1.61294	-0.0475426	0.526863	2.84256	-0.015152	0.508017	0.327316	2.17636	-0.000133514	6.79925	0.208767	0.0073204	-0.0127411	-1.38557	0.107056	
-2.0884	0.76017	-0.204554	7.99882	-0.00364494	-0.0718517	-0.121176	-1.21744	-3.81524	1.95776	1.61217	-0.0469952	0.50609	2.84179	-0.0139618	0.507246	0.316547	2.2156	-0.000131607	6.79892	0.218363	0.00716782	-0.01297	-1.39649	0.107166	
-2.09701	0.765862	-0.200914	7.99871	-0.00354195	-0.0730171	-0.123768	-1.21665	-3.81451	1.9446	1.61345	-0.0468884	0.499983	2.84585	-0.0156403	0.510441	0.31604	2.21929	-0.000112534	6.80053	0.220484	0.0016098	-0.0133419	-1.37938	0.111019	
-2.08901	0.760683	-0.204811	8.00821	-0.00361443	-0.0718632	-0.122219	-1.20804	-3.81585	1.95715	1.64156	-0.0467205	0.505482	2.84118	-0.0139484	0.506636	0.315937	2.17498	-0.000131607	6.79831	0.207853	0.00685692	-0.0130329	-1.3863	0.106224	
-2.0892	0.747822	-0.200809	8.00019	-0.00370979	-0.0707626	-0.121635	-1.19444	-3.81331	1.9587	1.61717	-0.0438232	0.506227	2.84308	-0.012291	0.507799	0.314928	2.18066	-0.000127792	6.80054	0.213528	0.0025425	-0.0130634	-1.38322	0.105917	
-2.08213	0.772116	-0.206772	8.01179	-0.00369644	-0.0725517	-0.129774	-1.20191	-3.80841	1.96256	1.62103	-0.052515	0.528866	2.8457	-0.0169792	0.493532	0.311522	2.18175	-6.67572e-05	6.80621	0.209249	-0.00904274	-0.0129452	-1.37996	0.0854321	
-2.09038	0.759312	-0.204487	8.00684	-0.00361061	-0.0721092	-0.121735	-1.21942	-3.81722	1.95578	1.61019	-0.0474777	0.50411	2.87981	-0.0142651	0.505264	0.324564	2.17361	-0.000127792	6.79694	0.217281	0.00771523	-0.012928	-1.38767	0.106916	
-2.08865	0.76647	-0.203724	7.9991	-0.003479	-0.0730896	-0.124144	-1.21729	-3.8153	1.95956	1.61737	-0.0446129	0.494223	2.84719	-0.0101357	0.497467	0.311295	2.19667	-0.000152588	6.80125	0.218618	0.00610924	-0.0119648	-1.38302	0.111486	
-2.0881	0.76033	-0.203226	7.99981	-0.00354004	-0.0716076	-0.120571	-1.21549	-3.81276	1.96021	1.61488	-0.0488091	0.506599	2.84344	-0.0132389	0.510378	0.350639	2.17649	-0.000110626	6.80025	0.197355	0.000234604	-0.0135422	-1.38872	0.111797	
-2.06815	0.760489	-0.203747	7.99907	-0.0036068	-0.0722027	-0.122002	-1.21719	-3.81499	1.95717	1.61242	-0.0473557	0.505424	2.84204	-0.0141087	0.507494	0.316795	2.18584	-0.0001297	6.79917	0.216658	0.00782013	-0.0136356	-1.38544	0.106848	
-2.08565	0.764044	-0.202709	7.99929	-0.00381851	-0.0716286	-0.121824	-1.21469	-3.81249	1.95852	1.61492	-0.0478592	0.504612	2.84454	-0.00975609	0.508198	0.329296	2.17834	-0.000137329	6.79912	0.200378	0.00689316	-0.0119591	-1.37985	0.106388	
-2.09038	0.759312	-0.204487	8.01684	-0.00361061	-0.0721092	-0.121735	-1.20942	-3.81722	1.97577	1.61019	-0.0474777	0.514111	2.83981	-0.0142651	0.505264	0.314566	2.17361	-0.000127792	6.79694	0.217281	0.00771523	-0.012928	-1.38767	0.106916	
-2.08955	0.770145	-0.204105	7.99767	-0.00357246	-0.0719986	-0.126734	-1.21858	-3.81639	1.95661	1.61102	-0.0470467	0.504942	2.84064	-0.0146809	0.5361	0.315399	2.18444	-0.0001297	6.79777	0.218115	0.00812531	-0.013052	-1.38684	0.10775	
-2.08953	0.760168	-0.204752	7.9977	-0.00360298	-0.071867	-0.121485	-1.21856	-3.81636	1.97663	1.61104	-0.047596	0.504965	2.84066	-0.00955963	0.526121	0.31542	2.17447	-0.0001297	6.79779	0.218136	0.00807571	-0.0122185	-1.38682	0.10733	
-2.08744	0.763107	-0.202705	8.01157	-0.00364876	-0.0728569	-0.123652	-1.21646	-3.8141	1.94874	1.6109	-0.0461063	0.477388	2.84375	-0.0155315	0.512625	0.364614	2.17785	-0.000131607	6.80113	0.222246	0.00395012	-0.0131817	-1.37816	0.0913239	
-2.07927	0.760427	-0.204969	8.00796	-0.00361061	-0.0719833	-0.121979	-1.2183	-3.8161	1.95689	1.6213	-0.0475712	0.505224	2.84092	-0.0117588	0.51638	0.315681	2.17473	-0.0001297	6.79805	0.217842	0.00866699	-0.0135918	-1.38656	0.107515	
-2.09016	0.760458	-0.20517	8.00623	-0.00364304	-0.0719681	-0.121922	-1.21564	-3.81663	1.96118	1.61278	-0.046957	0.501219	2.84516	-0.0130367	0.509977	0.313128	2.19001	-8.39233e-05	6.80245	0.224108	0.00673866	-0.0130463	-1.38272	0.101204	
-2.07925	0.760443	-0.203815	7.99797	-0.00357628	-0.0721874	-0.121902	-1.21829	-3.81609	1.95691	1.61131	-0.0468254	0.505239	2.84094	-0.0147724	0.516396	0.315697	2.20474	-0.000133514	6.79807	0.218412	0.00884628	-0.0130787	-1.38654	0.0972462	
-2.06341	0.73888	-0.211039	7.99774	-0.00381088	-0.0705318	-0.124865	-1.19998	-3.81266	1.98787	1.64155	-0.04352	0.494261	2.83602	-0.0171642	0.452471	0.345676	2.165	-0.000131607	6.80272	0.204975	0.000919342	-0.0131874	-1.38161	0.111307	
-2.0927	0.745825	-0.204153	7.99976	-0.00366783	-0.0704498	-0.121538	-1.21707	-3.81239	1.96336	1.61837	-0.0474663	0.511837	2.83668	-0.0122356	0.511932	0.317169	2.21874	-0.000125885	6.8018	0.213745	0.0102234	-0.0138969	-1.40568	0.103909	
-2.08845	0.761244	-0.204256	7.99877	-0.00357056	-0.0719604	-0.122086	-1.21749	-3.81529	1.95771	1.61212	-0.0487652	0.526043	2.84174	-0.0150337	0.507196	0.316498	2.19555	-0.000123978	6.79887	0.208414	0.00910187	-0.0131092	-1.38665	0.108498	
-2.08304	0.764563	-0.202328	8.00418	-0.00360298	-0.0723362	-0.12384	-1.21266	-3.8104	1.95101	1.61699	-0.0481148	0.509356	2.84665	-0.0129509	0.50683	0.32135	2.18045	-0.000133514	6.80373	0.220299	0.0141792	-0.0139446	-1.38267	0.0765343	
-2.08986	0.759838	-0.204905	7.99736	-0.00360489	-0.0720615	-0.122103	-1.21889	-3.81669	1.9863	1.61071	-0.0475082	0.524637	2.84033	-0.0118294	0.505791	0.315092	2.17414	-0.0001297	6.79746	0.217159	0.00824165	-0.0129395	-1.38715	0.106958	
-2.08018	0.771072	-0.201691	8.00638	-0.00359344	-0.071806	-0.121227	-1.22143	-3.81334	1.95544	1.61081	-0.0504227	0.510021	2.84485	-0.0143375	0.512159	0.313398	2.18692	-0.000114441	6.80013	0.214943	0.00965309	-0.0137939	-1.37876	0.0858898	
-2.08627	0.767099	-0.204517	8.0022	-0.00357056	-0.071619	-0.124603	-1.21926	-3.81938	1.95457	1.61333	-0.047945	0.500153	2.84264	-0.0130939	0.508436	0.310947	2.20627	-0.000167847	6.7956	0.224737	0.0146484	-0.0136681	-1.38849	0.108007	
-2.08038	0.759312	-0.204487	8.00684	-0.00361061	-0.0721092	-0.121735	-1.21942	-3.81722	1.95578	1.63019	-0.0474777	0.50411	2.83981	-0.0142651	0.505264	0.334564	2.17361	-0.000127792	6.79694	0.217281	0.00771523	-0.012928	-1.38767	0.106916	
-2.08978	0.761906	-0.20187	8.00359	-0.00361443	-0.0726547	-0.120081	-1.22398	-3.81609	1.96156	1.62103	-0.0511608	0.50264	2.8428	-0.0117664	0.512526	0.328794	2.1869	-0.000141144	6.7958	0.217041	0.00887489	-0.0134544	-1.39037	0.108736	
-2.08961	0.770086	-0.206924	8.00761	-0.00359917	-0.0720177	-0.121986	-1.21864	-3.81645	1.95655	1.63096	-0.047245	0.504885	2.84058	-0.0146961	0.506041	0.315342	2.18439	-0.0001297	6.79771	0.21764	0.00811577	-0.0128422	-1.3869	0.107241	
-2.08053	0.755629	-0.204046	8.00711	-0.00352669	-0.0727634	-0.125038	-1.20953	-3.80575	1.9642	1.62249	-0.0494175	0.50177	2.85158	-0.0115128	0.515566	0.281599	2.18566	-9.53674e-05	6.80589	0.208668	-7.62939e-05	-0.0134354	-1.37064	0.092329	
-2.08137	0.753994	-0.205919	8.00438	-0.00365448	-0.0709991	-0.121933	-1.21321	-3.80732	1.96483	1.63466	-0.0440483	0.522432	2.84556	-0.0145493	0.513617	0.230579	2.19315	-0.000118256	6.80591	0.218777	0.00583267	-0.0129776	-1.38424	0.115934	
-2.06609	0.767492	-0.204571	8.00625	-0.00348091	-0.0730476	-0.123091	-1.2186	-3.81742	1.95643	1.5969	-0.0470409	0.50083	2.84537	-0.00823784	0.512899	0.324955	2.17418	-0.000131607	6.80021	0.21557	-0.00622368	-0.012888	-1.36922	0.106964	
-2.08239	0.747564	-0.201624	8.00363	-0.00354385	-0.0706787	-0.126307	-1.21856	-3.81481	1.9591	1.61992	-0.0424709	0.515762	2.84431	-0.0150795	0.508686	0.333174	2.17685	-0.000116348	6.79792	0.212824	-0.000923157	-0.013752	-1.3827	0.108812	
-2.08972	0.759977	-0.202185	7.99751	-0.0036068	-0.0722504	-0.12195	-1.20875	-3.81656	1.95644	1.61085	-0.047863	0.504776	2.84047	-0.0139523	0.50593	0.315233	2.21428	-0.000127792	6.79761	0.216145	0.00735474	-0.0129395	-1.38701	0.106571	
-2.09034	0.757921	-0.201618	8.00713	-0.00374794	-0.0713348	-0.117289	-1.21982	-3.81248	1.95786	1.61768	-0.0516891	0.500311	2.84906	-0.0076313	0.520075	0.312576	2.19901	-8.01086e-05	6.80062	0.217607	-0.0151253	-0.0133476	-1.37939	0.0950699	
-2.08764	0.756697	-0.207035	8.00102	-0.00360107	-0.0709991	-0.122517	-1.21725	-3.81449	1.95907	1.61392	-0.0458775	0.520695	2.84317	-0.0130177	0.507059	0.30699	2.19687	-0.000104904	6.79849	0.217905	0.00650406	-0.0127544	-1.38652	0.107136	
-2.09119	0.758587	-0.204979	8.00724	-0.0036602	-0.0716496	-0.121347	-1.218	-3.81639	1.95759	1.61056	-0.0461903	0.50363	2.84992	-0.0136814	0.505396	0.314417	2.20466	-0.000146866	6.80058	0.21879	0.00804901	-0.012989	-1.38785	0.104958	
-2.09246	0.760227	-0.200474	7.99357	-0.00369453	-0.0723801	-0.12085	-1.20839	-3.83021	1.94678	1.60741	-0.0471363	0.524364	2.82565	-0.0096817	0.489914	0.315763	2.195	-8.2016e-05	6.81154	0.270863	0.00156403	-0.0127201	-1.37413	0.0842056	
-2.09657	0.758232	-0.210823	8.0049	-0.00396919	-0.0698566	-0.120207	-1.21672	-3.792	1.96864	1.62231	-0.0487137	0.503244	2.83996	-0.00842285	0.499617	0.315022	2.18636	-0.000135422	6.79912	0.210434	0.013401	-0.0120354	-1.38979	0.103489	
-2.08759	0.763889	-0.206499	8.00999	-0.00354195	-0.0710335	-0.121979	-1.19963	-3.81254	1.96043	1.61492	-0.048378	0.501303	2.84413	-0.0131969	0.510271	0.289715	2.20189	-0.000112534	6.79506	0.21154	0.00609207	-0.0133381	-1.38727	0.110968	
-2.08279	0.753391	-0.208731	7.99873	-0.00345993	-0.0719738	-0.121723	-1.20346	-3.81756	1.95701	1.61659	-0.0466309	0.478897	2.86531	-0.0151119	0.495014	0.332178	2.19295	-0.000120163	6.79633	0.21139	0.00257492	-0.0137367	-1.37082	0.107609	
-2.09117	0.760063	-0.204292	7.99629	-0.00365448	-0.0722237	-0.120853	-1.2165	-3.81558	1.95925	1.61305	-0.0467319	0.504871	2.84173	-0.0136299	0.508215	0.311476	2.21705	-0.000127792	6.79828	0.217175	0.0061245	-0.013092	-1.38937	0.108763	
-2.08742	0.759106	-0.203247	8.00981	-0.00361061	-0.0715179	-0.120567	-1.21646	-3.81426	1.96874	1.61315	-0.0479259	0.507074	2.84277	-0.0142879	0.508228	0.32753	2.17658	-0.000131607	6.7999	0.207281	0.00738716	-0.0130215	-1.38828	0.107101	
-2.06462	0.763407	-0.196985	8.00402	-0.00332451	-0.0711365	-0.116028	-1.20759	-3.81207	1.95887	1.61976	-0.0389118	0.485266	2.85491	-0.0129681	0.487793	0.294718	2.21123	-5.91278e-05	6.75459	0.245037	-0.022768	-0.013876	-1.3626	0.0795631	
-2.09038	0.769312	-0.204487	7.99684	-0.00361061	-0.0721092	-0.121735	-1.19942	-3.81722	1.95578	1.61019	-0.0474777	0.514111	2.84981	-0.0142651	0.505264	0.314566	2.18361	-0.000127792	6.79694	0.217281	0.00771523	-0.012928	-1.38767	0.106916	
-2.08937	0.770668	-0.205618	8.00169	-0.00361061	-0.0723839	-0.121517	-1.21557	-3.8173	1.98028	1.61076	-0.0480766	0.49081	2.84083	-0.0118999	0.510059	0.309	2.18722	-0.000120163	6.79784	0.21517	0.00902748	-0.0127068	-1.38494	0.107956	
-2.08713	0.769554	-0.200525	8.00009	-0.00364304	-0.0717964	-0.120312	-1.21617	-3.81397	1.95903	1.61344	-0.0481796	0.517365	2.84306	-0.0147114	0.508518	0.31782	2.17686	-0.000133514	6.80019	0.206406	0.00714111	-0.0129433	-1.3873	0.110994	
-2.07984	0.759855	-0.204241	8.01738	-0.00361061	-0.0720539	-0.121595	-1.21888	-3.81668	1.95632	1.62073	-0.0471268	0.504652	2.84035	-0.0141468	0.505806	0.325106	2.17415	-0.0001297	6.79748	0.217823	0.00825691	-0.0135651	-1.38713	0.107458	
-2.07432	0.71974	-0.19623	8.02792	-0.00538826	-0.0643139	-0.12962	-1.19978	-3.81708	1.96542	1.61124	-0.0400429	0.482143	2.86016	-0.00991821	0.519875	0.321117	2.18195	-9.72748e-05	6.8065	0.210783	-0.00656509	-0.0125637	-1.3775	0.0881386	
-2.09038	0.759312	-0.204487	8.00684	-0.00361061	-0.0721092	-0.121735	-1.18941	-3.81722	1.96577	1.61019	-0.0474777	0.514111	2.83981	-0.0142651	0.505264	0.314566	2.17361	-0.000127792	6.79694	0.217281	0.00771523	-0.012928	-1.38767	0.106916	
-2.09018	0.758791	-0.204792	7.99553	-0.00362015	-0.0717106	-0.119938	-1.21742	-3.81538	1.95979	1.61161	-0.0486507	0.518127	2.8408	-0.0196457	0.508694	0.313656	2.20717	-0.000116348	6.79742	0.215437	0.00960541	-0.013052	-1.38366	0.106817	
-2.08888	0.770807	-0.207067	8.00834	-0.003582	-0.072176	-0.122437	-1.21792	-3.81572	1.95727	1.61168	-0.0469513	0.505608	2.8413	-0.0142822	0.506762	0.326063	2.17511	-0.0001297	6.80844	0.217413	0.00788498	-0.0127869	-1.38618	0.106836	
-2.09228	0.752405	-0.20237	7.99787	-0.00356865	-0.0723419	-0.124222	-1.21227	-3.81379	1.96945	1.61318	-0.0432758	0.488535	2.84118	-0.0104294	0.512182	0.304182	2.22048	-0.000123978	6.79768	0.218386	0.00470161	-0.0131207	-1.39031	0.109701	
-2.09126	0.733303	-0.206329	8.00198	-0.00348091	-0.0718327	-0.115019	-1.21927	-3.8093	1.96257	1.62603	-0.044014	0.529369	2.85471	-0.0159359	0.50733	0.324244	2.18206	-8.96454e-05	6.79759	0.220427	-0.00507927	-0.0137081	-1.38087	0.0914135	
-2.09038	0.759312	-0.204487	8.01684	-0.00361061	-0.0721092	-0.121735	-1.20942	-3.81722	1.95578	1.61019	-0.0474777	0.50411	2.83981	-0.0142651	0.505264	0.314566	2.20362	-0.000127792	6.79694	0.217281	0.00771523	-0.012928	-1.38767	0.106916	
-2.08623	0.758083	-0.204317	8.00037	-0.00354195	-0.0717297	-0.12286	-1.21723	-3.8154	1.95659	1.61066	-0.0479832	0.503414	2.83869	-0.0145454	0.509842	0.308765	2.22733	-0.000123978	6.79619	0.214361	0.00790215	-0.0136223	-1.38825	0.110752	
-2.08002	0.768526	-0.202621	8.00585	-0.00344276	-0.0716057	-0.125689	-1.19972	-3.81079	1.95989	1.61641	-0.0454025	0.468201	2.84853	-0.0111504	0.512484	0.293694	2.18398	-0.000131607	6.80663	0.219343	0.00808716	-0.0137463	-1.38489	0.11043	
-2.08222	0.767757	-0.209459	8.05666	-0.00374985	-0.0718498	-0.120884	-1.20534	-3.81668	1.96997	1.61644	-0.0466919	0.494022	2.84166	-0.0176697	0.474524	0.302647	2.18258	-0.000116348	6.79288	0.210005	0.0048275	-0.0129547	-1.38463	0.107191	
-2.0926	0.758512	-0.206175	8.0252	-0.00378418	-0.0717163	-0.119703	-1.21495	-3.81172	1.95992	1.61443	-0.0453033	0.530624	2.84372	-0.0157185	0.504953	0.291979	2.17701	-0.000135422	6.79335	0.211967	0.0057869	-0.0124187	-1.37977	0.109631	
-2.086	0.775389	-0.202448	7.99982	-0.00362015	-0.0729122	-0.125893	-1.21676	-3.80811	1.94225	1.63389	-0.0476112	0.505169	2.84575	-0.0116215	0.503687	0.312538	2.17999	-0.000141144	6.79992	0.216173	0.00652885	-0.012785	-1.39067	0.111124	
-2.08442	0.762445	-0.202629	8.00281	-0.00367355	-0.0716896	-0.120842	-1.21589	-3.81127	1.95866	1.6156	-0.0466213	0.515003	2.84527	-0.00987244	0.508429	0.306274	2.17912	-0.000118256	6.80293	0.221109	0.00439262	-0.0127029	-1.38677	0.0960159	
-2.08987	0.769827	-0.204142	8.00735	-0.00364685	-0.0719337	-0.121603	-1.2189	-3.81671	1.95629	1.6107	-0.0470905	0.504625	2.84032	-0.0138969	0.505779	0.315081	2.20413	-0.0001297	6.79745	0.217796	0.00823212	-0.0135574	-1.38716	0.107431	
-2.09038	0.759312	-0.204487	7.99684	-0.00361061	-0.0721092	-0.121735	-1.21942	-3.81722	1.96577	1.61019	-0.0474777	0.514111	2.83981	-0.0142651	0.505264	0.314566	2.21362	-0.000127792	6.79694	0.217281	0.00771523	-0.012928	-1.38767	0.106916	
-2.08249	0.761776	-0.203947	8.00473	-0.00359726	-0.0714912	-0.123291	-1.21152	-3.80933	1.96367	1.61808	-0.0476246	0.507626	2.8477	-0.0176601	0.513157	0.301256	2.1815	-0.000137329	6.80483	0.201605	0.00478745	-0.0139694	-1.38305	0.106384	
-2.07601	0.762268	-0.207813	8.00121	-0.00367355	-0.0724087	-0.123125	-1.21679	-3.81285	1.95751	1.61455	-0.0475712	0.485661	2.84418	-0.0150681	0.507011	0.316509	2.19798	-0.000118256	6.80089	0.21698	0.0104618	-0.012476	-1.3839	0.1091	
-2.08826	0.759562	-0.204885	7.99896	-0.00362206	-0.0718231	-0.122168	-1.2173	-3.8151	1.9579	1.6123	-0.0471401	0.506227	2.84193	-0.0138569	0.507383	0.316685	2.21573	-0.000133514	6.79906	0.208067	0.00774574	-0.0134716	-1.38555	0.106537	
-2.08354	0.760782	-0.204113	8.00429	-0.00350189	-0.0696602	-0.121605	-1.21418	-3.81734	1.96711	1.61645	-0.0434628	0.508158	2.84847	-0.0142555	0.514496	0.302538	2.21646	-0.000106812	6.7959	0.220007	-0.0335445	-0.0138378	-1.37923	0.108522	
-2.08637	0.763323	-0.204704	7.99005	-0.0036335	-0.0727234	-0.120995	-1.21541	-3.81321	1.95979	1.6142	-0.0458603	0.486921	2.84382	-0.0158291	0.509275	0.318577	2.20762	-0.000131607	6.80095	0.216358	0.0088501	-0.0120316	-1.38366	0.107727	
-2.0587	0.75898	-0.204439	7.9984	-0.00355911	-0.0722008	-0.121172	-1.21358	-3.81381	1.96803	1.61807	-0.046875	0.506695	2.84142	-0.00972748	0.506489	0.313175	2.17592	-0.000125885	6.79729	0.213995	0.00569534	-0.0128899	-1.38877	0.110332	
-2.08954	0.758892	-0.204361	8.01768	-0.00361252	-0.0720234	-0.12171	-1.20858	-3.81638	1.95661	1.61102	-0.0472717	0.504948	2.84064	-0.0143147	0.506102	0.315403	2.19445	-0.000127792	6.79778	0.217144	0.0075264	-0.0129852	-1.388	0.106766	
-2.08889	0.770803	-0.203768	7.99833	-0.00358772	-0.0718498	-0.126648	-1.20793	-3.81573	1.95727	1.62168	-0.0473347	0.5156	2.8413	-0.0150375	0.506754	0.316055	2.1751	-0.000133514	6.79843	0.218348	0.00821304	-0.0128899	-1.38618	0.107496	
-2.08385	0.761961	-0.201864	8.00314	-0.00353622	-0.0728111	-0.121586	-1.21941	-3.81559	1.9574	1.6109	-0.0493279	0.506178	2.84417	-0.0132732	0.505911	0.354227	2.17746	-0.000108719	6.79637	0.21084	0.00437927	-0.0130711	-1.38494	0.102165	
-2.08739	0.762209	-0.205284	8.00413	-0.00348091	-0.0724354	-0.125031	-1.21462	-3.81214	1.9611	1.64574	-0.0467739	0.524776	2.84728	-0.010952	0.507076	0.27425	2.17782	-0.000110626	6.79914	0.228487	-0.0250015	-0.0133133	-1.36343	0.103592	
-2.08079	0.766363	-0.205166	8.00586	-0.00351334	-0.0715847	-0.120934	-1.20885	-3.80638	1.96648	1.62049	-0.0431862	0.488005	2.84989	-0.0159435	0.521326	0.254704	2.18693	-0.000144958	6.80679	0.203161	0.00551033	-0.0127239	-1.3699	0.109888	
-2.08892	0.758678	-0.203939	7.99832	-0.00358009	-0.071785	-0.121634	-1.2183	-3.81605	1.95672	1.61139	-0.0474968	0.503826	2.85064	-0.0144272	0.505962	0.31465	2.20484	-0.000133514	6.80774	0.216557	0.00709343	-0.0127678	-1.38834	0.106998	
-2.0836	0.766445	-0.193125	8.00232	-0.00366783	-0.0722408	-0.122566	-1.20924	-3.81943	1.94851	1.61597	-0.0476456	0.506908	2.84755	-0.00970078	0.510447	0.316385	2.18289	-0.000120163	6.7983	0.231106	-0.0135632	-0.0136738	-1.38958	0.103449	
-2.08827	0.738129	-0.203562	8.00022	-0.00365448	-0.0711327	-0.120739	-1.21474	-3.81478	1.95886	1.61378	-0.0456715	0.505886	2.84592	-0.0102501	0.509048	0.310055	2.21641	-0.0001297	6.8	0.212526	0.00699806	-0.0134106	-1.38506	0.106094	
-2.06959	0.770102	-0.204702	7.99763	-0.00362587	-0.0721226	-0.121862	-1.21863	-3.81643	1.95657	1.61098	-0.0471935	0.5249	2.8406	-0.0145378	0.506056	0.315357	2.1744	-0.000127792	6.79773	0.216999	0.00732613	-0.0128536	-1.38771	0.106863	
-2.088	0.760626	-0.204809	7.99923	-0.00357246	-0.0721073	-0.121252	-1.21703	-3.81484	1.95816	1.61257	-0.0473251	0.506496	2.8422	-0.0135441	0.507652	0.346954	2.176	-0.000165939	6.79933	0.208036	0.00922585	-0.0129375	-1.38529	0.108904	
-2.08965	0.76004	-0.204601	8.00757	-0.00360298	-0.0720634	-0.121735	-1.21869	-3.81649	1.9865	1.61091	-0.047348	0.514839	2.84054	-0.0141773	0.505993	0.315294	2.17434	-0.000127792	6.79767	0.21731	0.00749588	-0.0128994	-1.38781	0.106871	
-2.08852	0.760096	-0.204073	7.9987	-0.00357628	-0.0718594	-0.121857	-1.21865	-3.81631	1.95606	1.61064	-0.045042	0.503899	2.84146	-0.0148029	0.506966	0.314747	2.21548	-0.0001297	6.79852	0.21747	0.00764084	-0.012886	-1.38616	0.107479	
-2.08261	0.763174	-0.201962	8.01127	-0.00372124	-0.0722046	-0.119072	-1.20599	-3.81469	1.95932	1.61343	-0.0453568	0.490208	2.8475	-0.0168495	0.509306	0.327795	2.17914	-0.000146866	6.79232	0.203793	-0.00443268	-0.0129623	-1.38408	0.120653	
-2.07072	0.756855	-0.204363	8.0108	-0.00341988	-0.0721054	-0.121971	-1.21483	-3.80939	1.95272	1.61441	-0.0453968	0.481564	2.84839	-0.0207672	0.512278	0.32575	2.18137	-0.0001297	6.80138	0.217924	0.00668144	-0.0145226	-1.38626	0.108047	
-2.0877	0.761324	-0.204653	8.00952	-0.00346947	-0.0717869	-0.121939	-1.21674	-3.81454	1.95846	1.61287	-0.047554	0.51679	2.84249	-0.013916	0.507944	0.317245	2.17629	-0.0001297	6.79962	0.218359	0.00836182	-0.0136452	-1.38632	0.107378	
-2.08417	0.74283	-0.206606	8.00219	-0.00369072	-0.0719166	-0.123642	-1.21646	-3.80832	1.96237	1.61747	-0.047163	0.522669	2.84875	-0.0130749	0.507069	0.315681	2.19248	-0.000110626	6.78461	0.215267	0.00708008	-0.0131702	-1.38746	0.107718	
-2.08427	0.763744	-0.204899	8.00295	-0.00351906	-0.0721188	-0.122295	-1.2133	-3.81111	1.94859	1.6163	-0.0453358	0.496262	2.84592	-0.0164242	0.511377	0.330681	2.17973	-0.000137329	6.80305	0.207529	0.00584221	-0.0130291	-1.38336	0.108635	
-2.08982	0.759871	-0.204111	8.0274	-0.00357628	-0.071909	-0.121563	-1.21886	-3.81666	1.95633	1.62074	-0.0471115	0.514668	2.84037	-0.0143852	0.505821	0.315123	2.17417	-0.0001297	6.7975	0.217424	0.00827408	-0.0135765	-1.38712	0.107473	
-2.09038	0.759312	-0.204487	7.99684	-0.00361061	-0.0721092	-0.121735	-1.21942	-3.81722	1.95578	1.61019	-0.0474777	0.50411	2.83981	-0.0142651	0.505264	0.344564	2.20362	-0.000127792	6.79694	0.217281	0.00771523	-0.012928	-1.38767	0.106916	
-2.08825	0.761442	-0.204496	7.99897	-0.00360107	-0.0720787	-0.122648	-1.21729	-3.81509	1.9579	1.61231	-0.0472832	0.506239	2.84194	-0.016758	0.507395	0.346693	2.17574	-0.0001297	6.79907	0.218132	0.00718689	-0.0129089	-1.38554	0.1078	
-2.10231	0.772188	-0.20348	7.9976	-0.003582	-0.0735664	-0.126776	-1.22292	-3.81747	1.9496	1.62693	-0.0525742	0.518993	2.84201	-0.0116959	0.509188	0.346861	2.17539	-0.000108719	6.80496	0.219418	-0.0113544	-0.013504	-1.38829	0.120001	
-2.08496	0.763468	-0.205633	7.99278	-0.00349998	-0.0726357	-0.125412	-1.21485	-3.81608	1.95601	1.61379	-0.0468464	0.516539	2.83937	-0.0164528	0.508223	0.308187	2.21683	-0.000108719	6.79458	0.217714	0.0077076	-0.0135345	-1.38544	0.105558	
-2.08925	0.760069	-0.204844	7.99797	-0.00352478	-0.072113	-0.122116	-1.21828	-3.81609	1.95691	1.61132	-0.0474014	0.525244	2.84094	-0.0118999	0.526396	0.315699	2.17475	-0.0001297	6.79807	0.217892	0.00814629	-0.0129032	-1.38654	0.107458	
-2.07591	0.745674	-0.208061	8.00205	-0.00358391	-0.0703812	-0.121679	-1.20327	-3.80952	1.96816	1.61907	-0.0419369	0.486334	2.85656	-0.0134335	0.501348	0.309322	2.1977	-0.000131607	6.79913	0.199881	0.0042305	-0.0124836	-1.38438	0.105766	
-2.09186	0.760128	-0.203281	7.99368	-0.00370216	-0.0721779	-0.120335	-1.21753	-3.81507	1.95834	1.62218	-0.0473366	0.527214	2.83859	-0.0107193	0.505917	0.326681	2.17361	-0.000127792	6.80589	0.214811	0.00749397	-0.0132713	-1.38969	0.106831	
-2.09038	0.763626	-0.204369	8.0069	-0.00365448	-0.0726833	-0.120293	-1.21637	-3.81873	1.95895	1.6103	-0.0467148	0.502638	2.84144	-0.0145798	0.504583	0.347925	2.17253	-0.000127792	6.80726	0.214556	0.00821495	-0.0127335	-1.38821	0.105833	
-2.08241	0.751743	-0.205864	8.00742	-0.00350189	-0.0705318	-0.117823	-1.20332	-3.80769	1.97531	1.62571	-0.0476189	0.519938	2.84745	-0.0179272	0.434484	0.335682	2.18131	-7.82013e-05	6.80866	0.217901	-0.00225639	-0.0138149	-1.37902	0.0960789	
-2.0852	0.748745	-0.210541	8.00148	-0.00355148	-0.0696068	-0.122635	-1.21765	-3.80444	1.96751	1.61944	-0.0402431	0.481964	2.85776	-0.0124321	0.507944	0.314075	2.1941	-0.000110626	6.79598	0.217133	-0.0094986	-0.012495	-1.37339	0.104942	
-2.09523	0.765339	-0.203348	7.99932	-0.00352669	-0.072361	-0.11475	-1.21362	-3.8171	1.9664	1.6057	-0.0477257	0.459822	2.84934	-0.0127144	0.498457	0.380562	2.17385	-0.000110626	6.78786	0.21467	0.00419617	-0.0125065	-1.38243	0.108114	
-2.0838	0.758909	-0.20425	8.00249	-0.00349998	-0.0709934	-0.123222	-1.21348	-3.81258	1.96202	1.61587	-0.0473595	0.520962	2.84542	-0.013895	0.52124	0.31818	2.17944	-0.000133514	6.80319	0.198702	0.0031929	-0.0134659	-1.39931	0.108547	
-2.08226	0.768629	-0.199181	8.03465	-0.00367737	-0.0714359	-0.114811	-1.20962	-3.81474	1.95961	1.61627	-0.0464497	0.492777	2.84224	-0.014328	0.50477	0.265289	2.21195	-0.000112534	6.79929	0.214035	0.00681305	-0.0128803	-1.39448	0.106121	
-2.08792	0.760702	-0.203527	8.00929	-0.00358009	-0.0717888	-0.121986	-1.21696	-3.81477	1.96823	1.61264	-0.0479507	0.505814	2.84226	-0.0150108	0.507074	0.31702	2.18606	-8.58307e-05	6.79939	0.218468	0.00205994	-0.0130138	-1.38522	0.107231	
-2.12621	0.777481	-0.199389	8.02217	-0.0036335	-0.0728874	-0.1304	-1.21731	-3.81379	1.94347	1.63704	-0.0479088	0.530884	2.83464	-0.00927544	0.492264	0.322653	2.17414	-0.0001297	6.79645	0.225636	0.0105114	-0.0132427	-1.38377	0.10552	
-2.07869	0.760227	-0.203825	7.99853	-0.00357056	-0.072176	-0.121471	-1.21773	-3.81553	1.95701	1.61187	-0.0478191	0.505375	2.8415	-0.0147724	0.526953	0.326254	2.1753	-0.000123978	6.79779	0.218069	0.00511551	-0.0130787	-1.38702	0.107025	
-2.08451	0.760502	-0.204155	8.00425	-0.00366783	-0.0717487	-0.122772	-1.21243	-3.80781	1.96275	1.61973	-0.047699	0.513552	2.84475	-0.0135593	0.457268	0.317249	2.183	-0.000125885	6.81465	0.224796	0.00835609	-0.0128288	-1.38897	0.106983	
-2.09702	0.781033	-0.199335	7.98678	-0.00344658	-0.0732727	-0.124935	-1.20902	-3.81754	1.95885	1.61897	-0.0475407	0.517319	2.84348	-0.00871086	0.503527	0.292376	2.22741	-9.91821e-05	6.80551	0.200352	-0.0164719	-0.0119476	-1.38057	0.111835	
-2.08963	0.760061	-0.204149	7.99759	-0.00358963	-0.0721912	-0.124151	-1.21867	-3.81647	1.95652	1.61093	-0.0471115	0.504858	2.84056	-0.014637	0.546017	0.315315	2.18436	-0.0001297	6.79769	0.217587	0.0080719	-0.01301	-1.38692	0.107279	
-2.08394	0.762808	-0.202353	8.00328	-0.00357437	-0.0726357	-0.122837	-1.21297	-3.81078	1.96222	1.61663	-0.0485554	0.520552	2.84625	-0.0129948	0.511709	0.27861	2.18006	-0.000123978	6.81338	0.209335	0.00487328	-0.0130577	-1.38123	0.105768	
-2.0673	0.759674	-0.203392	8.01078	-0.00358009	-0.0720062	-0.119204	-1.21987	-3.81716	1.95535	1.60794	-0.0451412	0.500505	2.84548	-0.0160561	0.500748	0.329109	2.1781	-9.34601e-05	6.80129	0.20676	0.00717354	-0.0123806	-1.3837	0.107975	
-2.08983	0.759861	-0.204208	8.00739	-0.00362968	-0.0720425	-0.121443	-1.21887	-3.81667	1.95633	1.61074	-0.0472031	0.504662	2.85036	-0.0140171	0.505814	0.345116	2.17416	-0.0001297	6.79749	0.217352	0.00813293	-0.0132408	-1.38712	0.107349	
-2.08921	0.759758	-0.203833	7.99801	-0.00358582	-0.0718937	-0.121271	-1.21848	-3.81626	1.96671	1.61113	-0.0474892	0.504055	2.84098	-0.0145931	0.505463	0.314602	2.21479	-0.000131607	6.79706	0.216936	0.00697517	-0.0128193	-1.38785	0.106688	
-2.08943	0.758644	-0.207462	8.00216	-0.00350189	-0.0701923	-0.123346	-1.2048	-3.81432	1.96967	1.61935	-0.0421143	0.522093	2.85449	-0.0185146	0.511524	0.327776	2.17445	-8.01086e-05	6.76403	0.222843	-0.0150452	-0.013092	-1.37307	0.0949707	
-2.08944	0.759884	-0.203857	7.99779	-0.0036087	-0.0719738	-0.116575	-1.21847	-3.81627	1.96672	1.61113	-0.0473175	0.505058	2.84075	-0.0145702	0.50621	0.315512	2.20456	-0.0001297	6.79788	0.216763	0.00765038	-0.0122261	-1.38673	0.107199	
-2.07968	0.760012	-0.203932	7.99754	-0.00358582	-0.0718822	-0.121574	-1.21872	-3.81652	1.95648	1.64089	-0.0473614	0.50481	2.84051	-0.0168381	0.505964	0.315266	2.17431	-0.0001297	6.80764	0.217539	0.00802422	-0.0128174	-1.38697	0.107244	
-2.09632	0.778053	-0.202162	8.01107	-0.00363731	-0.0741577	-0.123697	-1.19347	-3.80613	1.95187	1.60572	-0.0512676	0.510674	2.84028	-0.0167408	0.497147	0.322922	2.18943	-0.000127792	6.79443	0.213949	0.00764084	-0.0132198	-1.39161	0.107363	
-2.09038	0.769312	-0.204487	7.99684	-0.00361061	-0.0721092	-0.121735	-1.21942	-3.81722	1.95578	1.61019	-0.0474777	0.514111	2.83981	-0.0142651	0.505264	0.314566	2.21362	-0.000127792	6.79694	0.217281	0.00771523	-0.012928	-1.38767	0.106916	
-2.08745	0.757967	-0.20421	7.99843	-0.00361252	-0.0718861	-0.121208	-1.20774	-3.81529	1.95687	1.61389	-0.0461845	0.525944	2.84388	-0.0150776	0.506033	0.314981	2.17729	-0.000110626	6.79833	0.215845	0.00644302	-0.0126457	-1.38353	0.107716	
-2.09008	0.759617	-0.204521	8.00715	-0.00361633	-0.0721416	-0.116629	-1.21911	-3.81692	1.95608	1.61049	-0.0473194	0.504417	2.84011	-0.0141163	0.505569	0.314871	2.21392	-0.000127792	6.79724	0.217587	0.00757217	-0.0129051	-1.38737	0.106806	
-2.08648	0.759142	-0.201355	8.00124	-0.00359726	-0.0714493	-0.119371	-1.21811	-3.81353	1.95938	1.61386	-0.0482731	0.494036	2.84352	-0.0139961	0.508924	0.31646	2.20616	-0.000127792	6.798	0.215361	0.00681686	-0.013279	-1.38732	0.107189	
-2.09856	0.766569	-0.200392	8.00447	-0.00362015	-0.0710773	-0.119186	-1.21424	-3.81299	1.96528	1.61278	-0.046381	0.518963	2.83835	-0.00877762	0.506815	0.335609	2.17389	-8.39233e-05	6.79092	0.228733	-0.0074501	-0.0133324	-1.37354	0.0835018	
-2.08944	0.758892	-0.204445	8.00778	-0.00359726	-0.0719452	-0.122105	-1.21848	-3.81628	1.95672	1.64113	-0.0473595	0.515051	2.84075	-0.0145493	0.506205	0.315506	2.17455	-0.000127792	6.79689	0.216963	0.00750923	-0.012949	-1.38747	0.106764	
-2.08656	0.76232	-0.204809	8.00066	-0.00360298	-0.0719223	-0.12369	-1.21559	-3.81339	1.9596	1.61401	-0.0470505	0.527935	2.84363	-0.0161743	0.509089	0.31839	2.17744	-0.000139236	6.80076	0.218952	0.0116272	-0.0130291	-1.4027	0.107325	
-2.08882	0.76087	-0.204863	7.9984	-0.00360107	-0.072176	-0.122271	-1.21786	-3.81566	1.95733	1.61174	-0.0473061	0.515667	2.84137	-0.01404	0.506821	0.316122	2.19517	-0.000127792	6.8085	0.216784	0.00761986	-0.0130177	-1.38845	0.107126	
-2.09534	0.761168	-0.204527	8.00371	-0.00360298	-0.072422	-0.117043	-1.2172	-3.81635	1.95949	1.6068	-0.0482235	0.504902	2.8371	-0.0175018	0.508196	0.316465	2.18153	-0.000108719	6.79459	0.227617	0.0084362	-0.0132103	-1.38321	0.107136	
-2.08773	0.752666	-0.201019	8.01383	-0.00376701	-0.0703602	-0.121935	-1.20807	-3.82439	1.95689	1.6115	-0.0467892	0.513407	2.83256	-0.0139713	0.50318	0.307226	2.22462	-0.000127792	6.79096	0.215172	0.00731277	-0.0144787	-1.38682	0.105738	
-2.08187	0.74712	-0.21056	8.02314	-0.00357246	-0.0698261	-0.117128	-1.20811	-3.81259	1.9776	1.62506	-0.0418625	0.492264	2.84505	-0.0146351	0.507458	0.304281	2.19856	-0.000106812	6.80463	0.205378	0.00544739	-0.0133095	-1.39501	0.084919	
-2.08739	0.758301	-0.202173	8.00004	-0.00362396	-0.0717564	-0.120134	-1.21874	-3.81429	1.95947	1.61239	-0.0470715	0.50683	2.84348	-0.00907135	0.507042	0.314571	2.19521	-0.000131607	6.79785	0.215631	0.00634766	-0.0128555	-1.38532	0.109598	
-2.07895	0.764513	-0.203274	8.00212	-0.00360298	-0.0723209	-0.124603	-1.21424	-3.81339	1.95305	1.64507	-0.0491848	0.500397	2.84314	-0.0147209	0.50622	0.321724	2.17594	-0.000120163	6.80027	0.221174	-0.00173569	-0.0134335	-1.38121	0.0910244	
-2.08985	0.759846	-0.204088	7.99737	-0.0034523	-0.0720005	-0.12134	-1.21889	-3.81669	1.95631	1.61072	-0.0471382	0.504642	2.84034	-0.0143661	0.505798	0.365099	2.17414	-0.000127792	6.79747	0.217815	0.00777245	-0.0128956	-1.38714	0.107018	
-2.08883	0.760521	-0.203568	7.99839	-0.00356865	-0.072258	-0.122963	-1.21871	-3.81567	1.95626	1.61174	-0.0477238	0.503563	2.84136	-0.00958824	0.505884	0.314957	2.20517	-0.000135422	6.79849	0.217268	0.0077858	-0.0127449	-1.37739	0.107103	
-2.08549	0.74008	-0.203058	8.00237	-0.00376701	-0.0724716	-0.129562	-1.20611	-3.80197	1.93869	1.62021	-0.042284	0.538807	2.84509	-0.013979	0.512426	0.321241	2.17893	-8.39233e-05	6.80406	0.2146	-0.000898361	-0.0133057	-1.37035	0.0770874	
-2.08951	0.758684	-0.204733	7.99844	-0.00359917	-0.07201	-0.121044	-1.21703	-3.81514	1.9688	1.63591	-0.0466728	0.502295	2.84345	-0.0162621	0.499392	0.313215	2.17925	-0.000127792	6.80035	0.222212	0.00489235	-0.0136242	-1.37027	0.0949726	
-2.09038	0.769312	-0.204487	7.99684	-0.00361061	-0.0721092	-0.121735	-1.21942	-3.81722	1.95578	1.61019	-0.0474777	0.50411	2.83981	-0.0142651	0.505264	0.314566	2.22362	-0.000127792	6.79694	0.217281	0.00771523	-0.012928	-1.38767	0.106916	
-2.09097	0.743452	-0.204569	8.00215	-0.00386047	-0.0705128	-0.120378	-1.20258	-3.81205	1.95673	1.63666	-0.0441628	0.493397	2.84618	-0.0174866	0.507837	0.308193	2.18016	-0.000139236	6.80987	0.220495	0.00914001	-0.0133743	-1.39069	0.108402	
-2.08673	0.772552	-0.203173	8.0005	-0.00356483	-0.0722713	-0.124525	-1.21576	-3.81356	1.95943	1.61384	-0.0477676	0.507767	2.84346	-0.0155315	0.508923	0.318224	2.19727	-0.000133514	6.80059	0.199259	0.00500298	-0.0126114	-1.38447	0.106508	
-2.07922	0.768608	-0.191475	8.01017	-0.00375557	-0.0705185	-0.121243	-1.20921	-3.80882	1.99201	1.61856	-0.0417385	0.49205	2.85372	-0.0142384	0.509241	0.220493	2.19206	-0.000102997	6.79794	0.229567	-0.021595	-0.0132217	-1.36564	0.105915	
-2.08317	0.766937	-0.201839	7.97853	-0.00362396	-0.0726624	-0.121784	-1.21284	-3.81247	1.95871	1.61545	-0.0485363	0.500988	2.84565	-0.0159531	0.492048	0.356146	2.18083	-0.000131607	6.80696	0.207933	0.00735283	-0.0128021	-1.38532	0.106668	
-2.0856	0.761549	-0.205408	8.00162	-0.00353241	-0.071701	-0.122705	-1.21463	-3.81244	1.96056	1.61497	-0.0457592	0.466494	2.84459	-0.0132313	0.51005	0.349352	2.1784	-0.000116348	6.80172	0.218945	0.00797272	-0.0129757	-1.38289	0.106865	
-2.08723	0.761963	-0.202877	8	-0.00356483	-0.0709858	-0.120892	-1.21623	-3.81419	1.959	1.61304	-0.0476971	0.507637	2.84332	-0.0155544	0.508453	0.338161	2.17691	-0.000131607	6.79946	0.219601	-0.0013237	-0.0135288	-1.38615	0.106319	
-2.08682	0.763197	-0.198826	8.00245	-0.00361824	-0.0713444	-0.122763	-1.22145	-3.81752	1.96247	1.61215	-0.045578	0.498091	2.88471	-0.010725	0.507885	0.312017	2.17792	-0.000125885	6.79503	0.2061	0.00444221	-0.0131264	-1.39034	0.106052	
-2.08462	0.761391	-0.203932	8.00687	-0.00349617	-0.0729942	-0.123236	-1.2118	-3.81079	1.94796	1.61429	-0.0458317	0.504974	2.84377	-0.0157928	0.508417	0.319618	2.20218	-0.000110626	6.8078	0.224327	-0.012867	-0.0135231	-1.3781	0.0950661	
-2.08997	0.757048	-0.203598	7.99442	-0.00360107	-0.0720749	-0.121391	-1.21902	-3.81739	1.95777	1.61318	-0.0479889	0.508762	2.84012	-0.0153751	0.503954	0.31144	2.21522	-0.000112534	6.8092	0.212288	0.0107288	-0.0131474	-1.3849	0.110579	
-2.09389	0.745409	-0.20409	8.00625	-0.00366783	-0.0712395	-0.1173	-1.20548	-3.81615	1.95992	1.61261	-0.0472698	0.51025	2.83803	-0.00965309	0.505793	0.314098	2.20485	-0.000141144	6.80155	0.218088	0.00854874	-0.012886	-1.387	0.0960236	
-2.07426	0.76194	-0.200317	8.00305	-0.00351906	-0.0714855	-0.12022	-1.21584	-3.81901	1.95785	1.59902	-0.0452194	0.499191	2.84651	-0.0112991	0.505995	0.342552	2.18706	-0.000144958	6.80223	0.198793	0.00257111	-0.0133877	-1.38556	0.110214	
-2.08416	0.760366	-0.206097	8.00155	-0.00358772	-0.0718365	-0.123766	-1.21369	-3.81226	1.95972	1.61396	-0.0461082	0.506712	2.84482	-0.00966263	0.514671	0.294994	2.19986	-0.000137329	6.80211	0.224768	0.00148773	-0.0130177	-1.38327	0.0951138	
-2.09038	0.759312	-0.204487	7.99684	-0.00361061	-0.0721092	-0.121735	-1.21942	-3.81722	1.95578	1.61019	-0.0474777	0.50411	2.83981	-0.0142651	0.505264	0.314566	2.23362	-0.000127792	6.79694	0.217281	0.00771523	-0.012928	-1.38767	0.106916	
-2.08322	0.748589	-0.204403	7.99906	-0.0036068	-0.071661	-0.122059	-1.21076	-3.81043	1.93244	1.61715	-0.0467606	0.512774	2.83502	-0.01408	0.513927	0.343229	2.1801	-0.000116348	6.80135	0.217793	0.00575256	-0.0132523	-1.38565	0.109047	
-2.08508	0.75943	-0.204052	8.00214	-0.0036087	-0.0714245	-0.119976	-1.21412	-3.81193	1.93987	1.61549	-0.0442905	0.508577	2.84511	-0.0131302	0.510565	0.319866	2.17891	-0.0001297	6.80224	0.229153	0.00567627	-0.0125732	-1.38237	0.0972557	
-2.08484	0.755577	-0.202833	8.00233	-0.00362206	-0.0708084	-0.121103	-1.18649	-3.80929	1.94441	1.61772	-0.0459862	0.482788	2.8469	-0.0124664	0.51037	0.291248	2.19321	-0.000120163	6.80619	0.220495	0.00683022	-0.0133877	-1.38731	0.108782	
-2.08651	0.763178	-0.202782	8.0007	-0.00368118	-0.0720673	-0.119688	-1.21555	-3.81335	1.95964	1.61405	-0.0494442	0.486773	2.84367	-0.0157452	0.50913	0.338428	2.17748	-0.000131607	6.8008	0.218451	0.00786781	-0.0131531	-1.38381	0.108751	
-2.08932	0.761692	-0.205324	7.99764	-0.0037384	-0.0716438	-0.123171	-1.2169	-3.81532	1.95801	1.61148	-0.0480843	0.506748	2.84132	-0.01507	0.519226	0.31871	2.17569	-0.000131607	6.80118	0.214874	0.00669479	-0.0131779	-1.38386	0.10766	
-2.08746	0.76223	-0.204805	7.99976	-0.00357056	-0.0722065	-0.127026	-1.2165	-3.8143	1.95869	1.6131	-0.0481052	0.507029	2.84273	-0.0135231	0.508183	0.337482	2.17653	-0.000131607	6.79986	0.217726	0.00927544	-0.0131607	-1.38625	0.108444	
-2.08771	0.76198	-0.203575	7.99951	-0.00358009	-0.071682	-0.124323	-1.21675	-3.81455	1.95844	1.61285	-0.0471687	0.516781	2.84248	-0.0146713	0.507931	0.317232	2.17628	-0.000133514	6.81961	0.20915	0.00745773	-0.0130692	-1.385	0.106722	
-2.08397	0.752943	-0.205872	8.00596	-0.00345802	-0.0710945	-0.126406	-1.20652	-3.81475	1.97123	1.61334	-0.0383492	0.51322	2.83408	-0.0139198	0.506578	0.337347	2.17194	-0.000108719	6.81415	0.212622	-0.0130501	-0.0137405	-1.37453	0.0877972	
-2.09038	0.769312	-0.204487	7.99684	-0.00361061	-0.0721092	-0.121735	-1.21942	-3.81722	1.95578	1.61019	-0.0474777	0.514111	2.83981	-0.0142651	0.505264	0.314566	2.21362	-0.000127792	6.79694	0.217281	0.00771523	-0.012928	-1.38767	0.106916	
-2.08624	0.760199	-0.207329	8.01165	-0.00356102	-0.0726147	-0.126987	-1.21185	-3.81333	1.9531	1.61449	-0.0470333	0.515947	2.84482	-0.0117855	0.517769	0.275183	2.21111	-0.000131607	6.80145	0.215179	0.00609207	-0.0133228	-1.38882	0.10882	
-2.09018	0.7577	-0.203423	7.99645	-0.00361633	-0.0717316	-0.120485	-1.2148	-3.81457	1.96019	1.61208	-0.0458565	0.507061	2.84127	-0.0131226	0.519121	0.329556	2.1744	-0.0001297	6.79922	0.231913	0.00703239	-0.0123806	-1.3846	0.0928116	
-2.07674	0.74704	-0.206202	8.01935	-0.00364494	-0.0706654	-0.12232	-1.21081	-3.81178	1.96353	1.62155	-0.0417194	0.4772	2.85077	-0.020649	0.51281	0.308533	2.18328	-0.000127792	6.81152	0.208559	0.00436401	-0.0132008	-1.38417	0.103844	
-2.08596	0.760389	-0.20331	7.99826	-0.00365448	-0.0722523	-0.123402	-1.22002	-3.81542	1.95261	1.61737	-0.047884	0.504623	2.84214	-0.0194721	0.506435	0.316362	2.2247	-0.000108719	6.79652	0.213543	0.00781822	-0.0130959	-1.38514	0.104145	
-2.09038	0.759312	-0.204487	8.01684	-0.00361061	-0.0721092	-0.121735	-1.21942	-3.81722	1.95578	1.61019	-0.0474777	0.514111	2.83981	-0.0142651	0.505264	0.314566	2.20362	-0.000127792	6.79694	0.217281	0.00771523	-0.012928	-1.38767	0.106916	
-2.08515	0.75922	-0.207855	8.01153	-0.00346184	-0.0717335	-0.120543	-1.21731	-3.81683	1.95734	1.61151	-0.0462399	0.510756	2.83978	-0.0113621	0.509495	0.362782	2.16812	-0.000101089	6.79438	0.221203	0.00690079	-0.0135231	-1.38279	0.081131	
-2.09307	0.767189	-0.203959	8.0083	-0.00360298	-0.0705223	-0.122356	-1.217	-3.81626	1.95831	1.62991	-0.0457439	0.516706	2.83908	-0.0133858	0.506681	0.311476	2.17606	-0.0001297	6.79673	0.217251	0.0080204	-0.0133572	-1.38724	0.107613	
-2.08918	0.759396	-0.203896	7.99804	-0.00358009	-0.070694	-0.121132	-1.17822	-3.81602	1.95697	1.61138	-0.0469208	0.50531	2.84101	-0.0143623	0.506464	0.315765	2.17481	-0.0001297	6.79814	0.217196	0.00828362	-0.0130215	-1.38741	0.107529	
-2.08968	0.760014	-0.204241	8.00754	-0.00361633	-0.0720043	-0.121481	-1.21872	-3.81652	1.96648	1.61089	-0.0475616	0.514812	2.84051	-0.0144882	0.525967	0.315268	2.17431	-0.000127792	6.79764	0.217028	0.00757217	-0.0129814	-1.38697	0.106565	
-2.08683	0.762867	-0.204657	8.00039	-0.00358772	-0.0723915	-0.124466	-1.23706	-3.81367	1.95933	1.62374	-0.0471935	0.517666	2.84336	-0.01437	0.50882	0.318121	2.17717	-0.00012207	6.80049	0.218157	0.00733566	-0.0128517	-1.37412	0.107225	
-2.0811	0.754871	-0.205826	8.00626	-0.00357628	-0.0713768	-0.122627	-1.21424	-3.8082	1.96493	1.61925	-0.047245	0.514921	2.84845	-0.0148335	0.511528	0.250822	2.19393	-0.000110626	6.80494	0.224215	0.00987053	-0.0131817	-1.3796	0.105917	
-2.08846	0.760973	-0.203688	7.99876	-0.00374794	-0.0721817	-0.122442	-1.2175	-3.8153	1.9577	1.61211	-0.0480289	0.501572	2.84173	-0.014349	0.507185	0.316486	2.21554	-0.000127792	6.79886	0.216969	0.00844574	-0.0127678	-1.38944	0.106668	
-2.09024	0.76252	-0.204851	8.00235	-0.00366402	-0.0721817	-0.121506	-1.21906	-3.81701	1.9735	1.61569	-0.047718	0.492113	2.84367	-0.0145969	0.50811	0.299383	2.21026	-0.000156403	6.80115	0.214842	0.0089283	-0.0133171	-1.38972	0.114408	
-2.08932	0.758327	-0.210384	7.99577	-0.00329399	-0.0704556	-0.124229	-1.20577	-3.81121	1.9691	1.63115	-0.040802	0.500341	2.8439	-0.0122929	0.510916	0.336792	2.1789	-0.000118256	6.7941	0.213581	-0.0144711	-0.0134373	-1.38701	0.0984688	
-2.08559	0.761402	-0.20446	8.00163	-0.00355339	-0.0715675	-0.123217	-1.21463	-3.81243	1.96057	1.64498	-0.0465279	0.487701	2.8446	-0.0141811	0.510052	0.319353	2.1784	-0.000123978	6.80173	0.211271	0.00589371	-0.0128803	-1.39368	0.107391	
-2.08895	0.76025	-0.204044	7.99827	-0.00359535	-0.0718937	-0.124058	-1.21799	-3.81579	1.9572	1.61161	-0.0475845	0.505537	2.86124	-0.0146179	0.506691	0.335993	2.17504	-0.000131607	6.79836	0.218708	0.00771904	-0.012991	-1.38667	0.107172	
-2.08719	0.762501	-0.204466	8.00003	-0.00362015	-0.0719299	-0.127075	-1.21623	-3.81403	1.95896	1.61337	-0.0463734	0.537298	2.843	-0.0143642	0.508453	0.317755	2.1768	-0.000127792	6.78933	0.217316	0.00753212	-0.0131264	-1.38708	0.106974	
-2.08611	0.759928	-0.206337	7.99928	-0.00352287	-0.0723457	-0.123405	-1.21901	-3.81257	1.95443	1.61315	-0.0486908	0.503002	2.84489	-0.0150375	0.52158	0.327999	2.17901	-0.000133514	6.8082	0.209986	0.00597763	-0.0129852	-1.38187	0.107582	
-2.08636	0.770643	-0.198683	8.00132	-0.00363159	-0.0717487	-0.115623	-1.21188	-3.81078	1.95816	1.61481	-0.048111	0.469849	2.83944	-0.0124149	0.510153	0.316116	2.19091	-0.000118256	6.80129	0.216707	0.00354195	-0.0130405	-1.38003	0.1103	
-2.08721	0.758036	-0.2043	8.00731	-0.0036087	-0.0715733	-0.120953	-1.21625	-3.81405	1.95894	1.61335	-0.0464725	0.506363	2.84298	-0.0147228	0.50843	0.337734	2.17678	-0.000123978	6.8001	0.216085	0.00976753	-0.0138359	-1.3953	0.106243	
-2.08797	0.759468	-0.203382	7.99951	-0.00354958	-0.0717411	-0.118048	-1.21814	-3.81279	1.95865	1.61285	-0.0466633	0.506102	2.84435	-0.0149002	0.509623	0.312677	2.18818	-0.000133514	6.81147	0.208454	0.00992012	-0.0127525	-1.38667	0.107883	
-2.09038	0.759312	-0.204487	7.99684	-0.00361061	-0.0721092	-0.121735	-1.21942	-3.81722	1.97577	1.62019	-0.0474777	0.514111	2.83981	-0.0142651	0.505264	0.334568	2.17361	-0.000127792	6.79694	0.217281	0.00771523	-0.012928	-1.38767	0.106916	
-2.07806	0.781637	-0.204308	7.99917	-0.00355339	-0.0723171	-0.124428	-1.21709	-3.8149	1.9581	1.61251	-0.0504055	0.506437	2.84213	-0.0152149	0.507591	0.316893	2.17594	-0.000131607	6.79926	0.217802	0.00811195	-0.0131054	-1.38535	0.107843	
-2.09038	0.759312	-0.204487	7.99684	-0.00361061	-0.0721092	-0.121735	-1.20942	-3.81722	1.95578	1.61019	-0.0474777	0.50411	2.83981	-0.0142651	0.505264	0.314566	2.22362	-0.000127792	6.79694	0.217281	0.00771523	-0.012928	-1.38767	0.106916	
-2.0897	0.756874	-0.203209	8.00848	-0.00348663	-0.0715866	-0.118544	-1.20776	-3.81635	1.95985	1.61244	-0.0457191	0.498814	2.84337	-0.0160389	0.507809	0.315994	2.20437	-0.000123978	6.79849	0.212654	0.00566292	-0.0135994	-1.39037	0.108049	
-2.08549	0.759497	-0.203913	8.0024	-0.00352478	-0.0714092	-0.120018	-1.20532	-3.81489	1.9585	1.62478	-0.0475941	0.500772	2.84329	-0.0131321	0.507948	0.308352	2.19757	-0.000144958	6.80216	0.204639	0.00382233	-0.0134029	-1.39048	0.108786	
-2.07361	0.751966	-0.204195	8.00683	-0.00356483	-0.0705719	-0.124027	-1.21169	-3.81225	1.96066	1.62187	-0.0451317	0.477354	2.84899	-0.0195827	0.522104	0.303402	2.18565	-0.000133514	6.80271	0.19972	0.00616264	-0.0145168	-1.36184	0.101969	
-2.09107	0.755335	-0.203804	7.9978	-0.00354958	-0.0719471	-0.122038	-1.21696	-3.816	1.96706	1.60753	-0.0455551	0.501003	2.83989	-0.0104351	0.508381	0.325287	2.20821	-0.000127792	6.79748	0.214996	0.0073204	-0.013155	-1.38795	0.106737	
-2.08733	0.763491	-0.20406	8.01052	-0.00354958	-0.072258	-0.123234	-1.21843	-3.82028	1.95482	1.6135	-0.0475349	0.496923	2.84215	-0.0143204	0.506342	0.310671	2.20895	-0.000114441	6.79543	0.216358	0.00660515	-0.0127811	-1.37148	0.106567	
-2.08705	0.762529	-0.204628	8.00017	-0.00353432	-0.0719643	-0.124683	-1.21609	-3.81389	1.95911	1.61352	-0.0467129	0.507442	2.84314	-0.0119762	0.508598	0.327898	2.17694	-0.000125885	6.80027	0.219393	0.00499535	-0.0127735	-1.38434	0.107319	
-2.08751	0.770845	-0.203083	7.99971	-0.00346756	-0.07271	-0.123981	-1.21655	-3.81436	1.95864	1.61305	-0.0478401	0.516977	2.84267	-0.0146103	0.508129	0.31743	2.17648	-0.0001297	6.7998	0.21772	0.00819588	-0.0129623	-1.38564	0.107235	
-2.08445	0.754911	-0.207827	8.00877	-0.00352669	-0.0710201	-0.124981	-1.21263	-3.80859	1.95685	1.61954	-0.0430813	0.540751	2.84645	-0.0147171	0.502218	0.277212	2.18647	-0.000123978	6.81249	0.205433	0.00338745	-0.0130367	-1.38076	0.107195	
-2.08448	0.758467	-0.203655	8.00274	-0.003685	-0.0715275	-0.121374	-1.21352	-3.81132	1.96167	1.61608	-0.0475235	0.510008	2.8457	-0.0133209	0.51116	0.340462	2.17951	-0.000112534	6.76044	0.216084	0.00669098	-0.0129166	-1.38275	0.108168	
-2.08808	0.760416	-0.203773	7.99906	-0.00353432	-0.0717831	-0.122379	-1.2165	-3.8143	1.95825	1.61311	-0.0472622	0.506491	2.84273	-0.0150204	0.508184	0.31703	2.19654	-0.000139236	6.79986	0.208902	0.00680351	-0.0128727	-1.37526	0.107506	
-2.09038	0.759312	-0.204487	7.99684	-0.00361061	-0.0721092	-0.121735	-1.21942	-3.81722	1.95578	1.61019	-0.0474777	0.50411	2.83981	-0.0142651	0.505264	0.314566	2.23362	-0.000127792	6.79694	0.217281	0.00771523	-0.012928	-1.38767	0.106916	
-2.08458	0.774752	-0.201769	7.99833	-0.00351143	-0.0731239	-0.12534	-1.21681	-3.81252	1.9507	1.61562	-0.0476227	0.506893	2.8467	-0.0139008	0.514019	0.263651	2.20159	-0.000125885	6.8089	0.217033	0.00446701	-0.0130653	-1.37643	0.109941	
-2.08826	0.761429	-0.203926	8.00896	-0.00364685	-0.0718689	-0.124624	-1.2173	-3.8151	1.9579	1.61231	-0.0466747	0.52623	2.84192	-0.0142746	0.507383	0.316685	2.17573	-0.0001297	6.79906	0.217167	0.0080986	-0.0130768	-1.38555	0.106361	
-2.09608	0.757059	-0.200542	7.99865	-0.00319862	-0.0719967	-0.115046	-1.21472	-3.81387	1.95913	1.60669	-0.0402355	0.511778	2.83575	-0.0167961	0.511316	0.316948	2.21541	-0.000106812	6.80038	0.212282	-0.00576401	-0.0142784	-1.37158	0.0958633	
-2.08643	0.760418	-0.205927	7.99776	-0.0034771	-0.0711441	-0.121147	-1.23169	-3.81256	1.96202	1.6134	-0.0451202	0.513044	2.84336	-0.0190506	0.511286	0.317686	2.17934	-0.000106812	6.82241	0.211851	0.00462532	-0.0131702	-1.37874	0.103949	
-2.09587	0.769573	-0.201052	8.00646	-0.00341797	-0.0734558	-0.124283	-1.20343	-3.81588	1.93991	1.61861	-0.0498238	0.511663	2.84681	-0.0121307	0.52562	0.349445	2.17774	-0.000116348	6.78486	0.204657	-0.00135994	-0.0141354	-1.37343	0.0929928	
-2.09038	0.759312	-0.204487	8.01684	-0.00361061	-0.0721092	-0.121735	-1.21942	-3.81722	1.95578	1.61019	-0.0474777	0.50411	2.83981	-0.0142651	0.505264	0.314566	2.21362	-0.000127792	6.79694	0.217281	0.00771523	-0.012928	-1.38767	0.106916	
-2.08955	0.770144	-0.204254	7.99767	-0.00363541	-0.0722656	-0.126682	-1.21859	-3.81639	1.95661	1.65102	-0.046793	0.504942	2.84064	-0.0145397	0.506096	0.315397	2.17444	-0.0001297	6.79777	0.218113	0.00854683	-0.012991	-1.38684	0.107332	
-2.08038	0.759312	-0.204487	8.00684	-0.00361061	-0.0721092	-0.121735	-1.21942	-3.81722	1.95578	1.61019	-0.0474777	0.50411	2.83981	-0.0142651	0.505264	0.314566	2.21362	-0.000127792	6.79694	0.217281	0.00771523	-0.012928	-1.38767	0.106916	
-2.08906	0.759668	-0.204676	7.99816	-0.00345039	-0.0719738	-0.121197	-1.2181	-3.8159	1.95709	1.6115	-0.0473328	0.515429	2.84113	-0.0148716	0.516582	0.315886	2.19493	-0.0001297	6.79826	0.217508	0.00781441	-0.0128479	-1.38659	0.107718	
-2.08363	0.756306	-0.208563	8.00506	-0.0037899	-0.0703907	-0.124481	-1.21384	-3.81052	1.96029	1.6179	-0.0528374	0.521008	2.85294	-0.0178146	0.509617	0.284843	2.2012	-9.15527e-05	6.79048	0.219522	0.00811768	-0.0145817	-1.38356	0.108334	
-2.08632	0.764576	-0.204096	8.00011	-0.00367355	-0.0725212	-0.121948	-1.21225	-3.8122	1.96262	1.61557	-0.047226	0.498365	2.848	-0.0156403	0.506079	0.313011	2.2095	-0.000150681	6.79939	0.198839	0.00889778	-0.013422	-1.38972	0.1064	
-2.0838	0.753342	-0.202711	8.00343	-0.00361443	-0.0718136	-0.121742	-1.21294	-3.81063	1.96198	1.61678	-0.0435238	0.488811	2.8464	-0.0167274	0.511438	0.321047	2.1802	-0.0001297	6.80306	0.213846	0.0056572	-0.0125675	-1.38158	0.106117	
-2.0903	0.760761	-0.20339	8.00051	-0.00358963	-0.0706825	-0.121449	-1.21189	-3.80757	1.9633	1.61971	-0.0482845	0.514565	2.84622	-0.0144558	0.514545	0.323317	2.18128	-7.82013e-05	6.79295	0.217909	-0.0203133	-0.0132847	-1.38106	0.100328	
-2.09176	0.757183	-0.205812	7.99583	-0.00361633	-0.0719204	-0.119589	-1.21682	-3.81182	1.95923	1.61107	-0.0477428	0.529608	2.83957	-0.0117741	0.505993	0.31646	2.20232	-0.000116348	6.79565	0.212147	0.00571823	-0.0126266	-1.38638	0.105124	
-2.09105	0.745615	-0.204641	7.99655	-0.00360298	-0.0713024	-0.118565	-1.21691	-3.81259	1.95857	1.61227	-0.0430508	0.528164	2.83924	-0.0124531	0.50956	0.314936	2.18594	-0.000116348	6.80543	0.218983	0.0105381	-0.0128212	-1.39025	0.105242	
-2.08827	0.761421	-0.203993	8.00895	-0.00363731	-0.0721703	-0.121244	-1.21731	-3.81511	1.97789	1.6123	-0.0474682	0.485016	2.85192	-0.0147171	0.507374	0.326677	2.17572	-0.000123978	6.79905	0.216236	0.00782204	-0.0128288	-1.38556	0.106874	
-2.10299	0.748087	-0.197397	7.99605	-0.00517082	-0.0602856	-0.131437	-1.19079	-3.80914	1.92817	1.60746	-0.0351753	0.523567	2.9232	-0.0166264	0.447987	0.329536	2.18997	-0.000102997	6.80556	0.192377	-0.00596619	-0.0127678	-1.35851	0.11161	
-2.08575	0.758408	-0.203434	8.00051	-0.00353622	-0.0720882	-0.123941	-1.21218	-3.81422	1.95826	1.61242	-0.0462971	0.509914	2.84193	-0.016201	0.511391	0.316771	2.19583	-8.96454e-05	6.8023	0.210005	-0.00147438	-0.0141449	-1.3822	0.111423	
-2.08975	0.759945	-0.204556	7.99747	-0.00362587	-0.0720043	-0.121374	-1.21878	-3.81659	1.96641	1.61082	-0.0472221	0.504744	2.85044	-0.0145741	0.505898	0.335199	2.18424	-0.000127792	6.79757	0.217915	0.0075016	-0.0128727	-1.38704	0.106615	
-2.08901	0.709229	-0.209707	8.00016	-0.00379372	-0.0691853	-0.119678	-1.21294	-3.80617	1.9642	1.61692	-0.0375633	0.516041	2.84444	-0.0157833	0.49971	0.319809	2.22668	-0.000112534	6.79814	0.209423	0.00864601	-0.0130253	-1.38526	0.103746	
-2.08375	0.763773	-0.203423	8.00347	-0.0036068	-0.0716286	-0.123013	-1.21278	-3.81059	1.97241	1.61682	-0.0480175	0.510742	2.84644	-0.0129833	0.511898	0.299997	2.19025	-0.000139236	6.80357	0.188021	0.00613785	-0.013504	-1.38374	0.10392	
-2.09005	0.763792	-0.204304	8.00628	-0.00362778	-0.072279	-0.12071	-1.21712	-3.81316	1.97058	1.6117	-0.0494995	0.504776	2.84106	-0.0124512	0.520061	0.315538	2.1777	-0.000123978	6.79692	0.217333	0.00450897	-0.0131645	-1.3855	0.106663	
-2.09038	0.759312	-0.204487	7.99684	-0.00361061	-0.0721092	-0.121735	-1.20942	-3.81722	1.95578	1.61019	-0.0474777	0.514111	2.83981	-0.0142651	0.505264	0.314566	2.21362	-0.000127792	6.79694	0.217281	0.00771523	-0.012928	-1.38767	0.106916	
-2.08321	0.762568	-0.207275	8.00178	-0.003685	-0.0712681	-0.119478	-1.215	-3.81181	1.96004	1.61571	-0.0435658	0.509138	2.84735	-0.0169697	0.510212	0.266813	2.21342	-0.000112534	6.8022	0.219435	0.0063343	-0.0117435	-1.37707	0.106577	
-2.08003	0.758902	-0.206245	8.00603	-0.00351906	-0.0711994	-0.126827	-1.2168	-3.8132	1.95728	1.61944	-0.0464687	0.506443	2.84466	-0.0132599	0.508778	0.316277	2.18231	-0.000123978	6.80122	0.213501	0.00328255	-0.0130463	-1.3844	0.10961	
-2.09463	0.74832	-0.203041	8.01415	-0.0038929	-0.0704136	-0.124931	-1.21319	-3.81446	1.95789	1.61815	-0.0479755	0.528961	2.84858	-0.0117264	0.486788	0.336922	2.17858	-9.72748e-05	6.79963	0.217733	-0.000761032	-0.0132751	-1.37756	0.0882053	
-2.09049	0.755739	-0.203842	8.00052	-0.00363541	-0.0703335	-0.120295	-1.21604	-3.81473	1.96034	1.61357	-0.0449524	0.501421	2.84309	-0.0128727	0.509224	0.315958	2.21793	-0.000120163	6.8012	0.217916	0.00835609	-0.0135727	-1.38284	0.0859127	
-2.08941	0.759865	-0.204382	7.99781	-0.00361252	-0.0721245	-0.121996	-1.18844	-3.81625	1.95674	1.61115	-0.0471992	0.505077	2.84078	-0.0142956	0.506233	0.335531	2.17458	-0.000125885	6.79791	0.216694	0.00738907	-0.0129719	-1.38979	0.10677	
-2.08625	0.764612	-0.199556	7.99994	-0.00354576	-0.0726891	-0.124235	-1.22081	-3.81603	1.95469	1.61314	-0.0470142	0.47625	2.84701	-0.0122795	0.511019	0.381962	2.17915	-0.000131607	6.80187	0.197243	0.00420952	-0.0135994	-1.38549	0.105873	
-2.08647	0.761631	-0.205164	7.99995	-0.00362778	-0.0715389	-0.126604	-1.21551	-3.81331	1.95969	1.6141	-0.0463428	0.506992	2.84372	-0.0144501	0.509176	0.32848	2.17753	-0.0001297	6.80085	0.217741	0.00790215	-0.0128784	-1.38639	0.107626	
-2.08479	0.760918	-0.206524	8.00145	-0.00357437	-0.0725594	-0.126989	-1.21536	-3.81079	1.96425	1.618	-0.046669	0.505274	2.8467	-0.0146656	0.50872	0.317307	2.18082	-0.000108719	6.80446	0.212833	0.00245667	-0.0132389	-1.38708	0.110029	
-2.0896	0.760096	-0.204613	8.00762	-0.00361633	-0.0720825	-0.121655	-1.21863	-3.81644	1.97656	1.61097	-0.0473213	0.504894	2.84059	-0.0141392	0.51605	0.325352	2.1744	-0.000127792	6.79772	0.21678	0.00748253	-0.0129566	-1.38788	0.106667	
-2.08627	0.754374	-0.203434	8.00491	-0.00368309	-0.0708485	-0.123125	-1.21937	-3.8068	1.95564	1.64356	-0.047863	0.521557	2.84155	-0.01194	0.500053	0.318827	2.17514	-0.0001297	6.79642	0.203451	0.00577736	-0.0132771	-1.38622	0.104733	
-2.08747	0.761326	-0.204206	7.99975	-0.0035553	-0.0716667	-0.122002	-1.1965	-3.81431	1.95869	1.6131	-0.0460587	0.507025	2.84272	-0.0177956	0.508181	0.317482	2.17653	-0.0001297	6.79985	0.216969	0.00769997	-0.0130291	-1.38555	0.106905	
-2.08914	0.760761	-0.204153	7.99816	-0.00364876	-0.0718918	-0.116314	-1.21774	-3.81559	1.95755	1.61188	-0.0469151	0.511137	2.84134	-0.0147114	0.507347	0.315952	2.19574	-0.000131607	6.79903	0.218	0.00869751	-0.0122852	-1.38544	0.107668	
-2.07861	0.761971	-0.20343	8.01706	-0.00367546	-0.0719929	-0.120724	-1.24128	-3.79996	1.95191	1.60617	-0.0467129	0.51622	2.84156	-0.0115814	0.51446	0.307961	2.17449	-0.000112534	6.80649	0.236702	-3.05176e-05	-0.0133057	-1.37103	0.0843258	
-2.08667	0.75964	-0.203442	8.00056	-0.00358582	-0.0716496	-0.12212	-1.2057	-3.81351	1.95949	1.6139	-0.0469494	0.517824	2.84352	-0.0141659	0.50898	0.318281	2.17733	-0.000123978	6.77945	0.215494	0.0070076	-0.0128117	-1.37461	0.107035	
-2.08887	0.760826	-0.204407	7.99835	-0.00360298	-0.071949	-0.122162	-1.21791	-3.81571	1.95729	1.6117	-0.0475636	0.525623	2.84132	-0.00956154	0.516781	0.31608	2.17513	-0.0001297	6.79845	0.218796	0.00807571	-0.0122719	-1.38616	0.107264	
-2.0891	0.76059	-0.20479	7.99812	-0.00359344	-0.0722237	-0.124271	-1.21814	-3.81594	1.95705	1.61146	-0.0471706	0.505386	2.84109	-0.0119076	0.516542	0.315844	2.20489	-0.0001297	6.79822	0.217655	0.00824738	-0.0130329	-1.38639	0.107216	
-2.08412	0.748592	-0.206676	7.99942	-0.00362396	-0.0713825	-0.12418	-1.21349	-3.81361	1.97089	1.61415	-0.0413494	0.480343	2.85425	-0.014185	0.508333	0.317049	2.18918	-0.000112534	6.8035	0.219759	0.0045948	-0.0128555	-1.38083	0.10911	
-2.08684	0.760727	-0.204321	8.00039	-0.00355339	-0.0713844	-0.120634	-1.21587	-3.81368	1.97932	1.61373	-0.0467148	0.507654	2.84335	-0.0103092	0.508806	0.30731	2.17715	-0.000137329	6.81048	0.219023	-0.0120697	-0.0125065	-1.38457	0.108009	
-2.09038	0.759312	-0.204487	8.00684	-0.00361061	-0.0721092	-0.121735	-1.21942	-3.81722	1.95578	1.61019	-0.0474777	0.50411	2.83981	-0.0142651	0.505264	0.364567	2.17361	-0.000127792	6.79694	0.217281	0.00771523	-0.012928	-1.38767	0.106916	
-2.09038	0.759312	-0.204487	7.99684	-0.00361061	-0.0721092	-0.121735	-1.20942	-3.81722	1.95578	1.61019	-0.0474777	0.514111	2.83981	-0.0142651	0.505264	0.334568	2.19361	-0.000127792	6.79694	0.217281	0.00771523	-0.012928	-1.38767	0.106916	
-2.0828	0.718071	-0.198071	7.99718	-0.00441933	-0.0687237	-0.12154	-1.21057	-3.82776	1.95429	1.60944	-0.0400238	0.487736	2.8876	-0.00781631	0.503515	0.332314	2.20154	-0.00012207	6.80207	0.2129	-0.000743866	-0.0121803	-1.38639	0.110809	
-2.08703	0.759003	-0.203798	8.00051	-0.0036068	-0.0710602	-0.118898	-1.20698	-3.81414	1.95974	1.61197	-0.0453072	0.500559	2.84351	-0.0163288	0.507843	0.316401	2.19662	-0.00012207	6.8014	0.222008	-0.0101318	-0.0132122	-1.38229	0.110994	
-2.08689	0.758913	-0.202526	7.99841	-0.00363541	-0.0713024	-0.12192	-1.2155	-3.81218	1.95569	1.61453	-0.0471268	0.49398	2.84543	-0.0169277	0.511417	0.316042	2.19952	-0.000106812	6.80227	0.214724	0.0039711	-0.0133095	-1.3784	0.10681	
-2.07792	0.75515	-0.205221	8.00034	-0.00359344	-0.070282	-0.120701	-1.22479	-3.81597	1.96335	1.60765	-0.0492096	0.509256	2.83762	-0.0132446	0.508856	0.338667	2.18792	-0.00012207	6.79883	0.217318	0.0078373	-0.0133591	-1.38902	0.107948	
-2.08627	0.763172	-0.202787	7.99977	-0.00358009	-0.0720615	-0.122316	-1.23215	-3.81197	1.95969	1.616	-0.0476627	0.50532	2.84439	-0.0129738	0.512917	0.310135	2.21178	-0.0001297	6.80248	0.21611	-0.00111771	-0.0133591	-1.38774	0.104303	
-2.08521	0.767962	-0.200197	7.99725	-0.00368309	-0.0726089	-0.121433	-1.21326	-3.81084	1.96006	1.61412	-0.0491581	0.466114	2.84562	-0.0116692	0.522463	0.285591	2.21039	-0.000118256	6.80873	0.221834	0.00437927	-0.0132179	-1.38471	0.111057	
-2.0871	0.751394	-0.204872	8.00787	-0.00371933	-0.0719013	-0.119396	-1.21237	-3.81046	1.96452	1.63711	-0.0454941	0.514828	2.84166	-0.0171604	0.506237	0.323977	2.1795	-0.000125885	6.79952	0.184853	-0.00094223	-0.0127316	-1.38201	0.110298	
